356
267
295
296
217
216
163
184
190
229
210
238
205
205
201
183
187
237
181
188
190
231
5861
330
225
207
207
207
236
254
263
273
229
245
230
212
199
252
312
203
252
225
244
243
218
209
241
281
256
195
217
192
208
278
196
226
229
232
474
614
238
246
244
257
207
327
198
223
240
199
212
192
240
238
235
273
270
218
280
233
251
258
253
196
196
230
274
233
222
196
238
238
270
271
245
214
197
197
201
227
211
232
243
212
246
229
206
213
289
213
244
224
212
213
222
266
230
257
248
203
289
230
203
291
253
313
290
212
256
243
225
262
218
153
157
196
155
157
153
167
147
198
153
164
178
212
277
178
217
157
269
167
203
157
172
163
192
207
191
313
245
176
151
163
154
162
184
197
207
165
216
174
193
167
160
238
231
214
214
268
237
223
221
203
256
237
222
257
197
225
306
186
221
264
175
167
139
232
346
242
242
202
195
163
221
188
199
203
204
312
280
227
174
301
167
273
151
294
277
205
218
221
167
236
221
268
281
235
306
232
267
190
167
180
180
203
238
320
245
167
247
200
188
210
163
191
249
200
365
247
210
233
239
233
176
229
216
202
189
192
175
190
213
238
234
212
272
234
248
230
172
183
240
277
205
334
216
179
165
181
193
259
153
228
170
187
223
254
237
265
179
186
237
177
171
283
236
179
198
207
165
225
243
224
225
248
295
223
194
161
160
212
192
187
209
177
336
258
570
194
204
181
208
205
177
257
277
271
272
211
225
174
153
194
202
276
287
215
163
259
175
230
290
168
293
258
221
226
194
229
222
228
246
198
200
276
810
220
156
228
145
243
236
249
266
199
218
200
248
225
201
206
161
211
298
237
263
164
255
204
254
158
234
242
238
227
230
189
217
202
204
137
247
221
223
205
259
216
288
165
180
170
308
208
173
184
219
187
227
271
244
254
206
185
241
205
200
239
146
232
210
460
212
222
173
155
195
243
195
237
240
345
240
228
222
237
291
207
226
214
391
299
189
180
889
830
764
755
725
733
900
759
997
814
713
573
619
422
464
417
445
383
320
326
360
418
289
448
336
415
422
352
326
314
370
394
304
374
373
417
313
376
333
349
379
386
400
467
315
331
355
272
284
245
278
335
241
284
320
306
263
274
265
261
240
300
225
230
290
290
311
226
347
288
321
252
336
269
289
258
276
257
252
326
237
291
251
257
215
253
305
286
223
295
216
238
326
259
247
292
241
228
229
271
366
273
250
225
242
292
280
300
274
295
270
239
337
304
408
340
252
262
301
328
787
779
747
764
704
692
862
807
822
743
757
702
500
550
442
406
511
464
423
465
420
448
414
406
483
492
503
502
502
480
499
439
398
448
534
515
480
1346
419
442
447
432
305
390
422
359
355
372
266
286
286
254
327
239
256
232
240
215
208
203
191
246
274
296
303
262
180
354
189
192
212
253
183
229
311
197
263
224
216
234
248
272
276
217
276
336
232
237
209
235
196
181
209
233
197
286
197
210
187
270
237
249
219
289
294
240
196
287
219
193
241
292
263
317
257
211
203
210
197
258
289
204
226
225
278
204
187
194
278
251
263
189
317
193
260
266
269
350
202
270
252
288
203
261
184
184
205
170
190
173
183
180
163
206
196
188
196
166
193
206
187
175
231
390
209
198
252
228
190
213
219
208
240
307
329
211
271
185
192
190
356
190
263
369
304
237
309
254
191
215
225
267
258
257
212
176
217
213
259
272
256
209
308
274
204
266
200
301
206
182
194
272
357
237
230
215
262
265
256
255
244
274
181
485
206
179
176
186
197
255
195
238
201
261
222
229
214
200
209
199
267
297
242
166
277
643
840
679
809
711
796
737
941
648
838
809
809
862
556
592
629
459
429
480
359
407
283
452
349
360
464
407
453
317
390
334
290
309
424
413
466
314
376
358
420
437
323
298
462
365
409
339
335
1289
393
325
444
323
415
324
393
364
412
406
429
311
370
340
304
306
311
268
220
237
202
244
236
206
252
280
281
235
192
187
163
243
176
238
178
260
245
256
202
219
230
218
283
201
277
289
235
486
231
179
210
192
184
164
232
274
202
168
244
171
225
182
212
301
374
239
283
167
212
177
173
162
275
231
300
225
201
175
170
171
243
190
193
227
362
221
242
191
267
264
225
155
233
216
328
208
175
196
235
173
273
238
241
280
219
513
258
231
195
188
199
209
307
190
251
230
713
848
832
872
816
978
838
902
677
807
664
658
558
414
444
373
364
471
372
347
292
272
281
329
399
306
267
297
308
222
264
327
253
243
305
276
366
202
193
228
262
164
193
313
333
249
221
220
181
293
199
209
161
233
143
293
258
213
246
233
199
268
223
166
237
253
274
217
143
236
252
185
182
234
247
206
463
222
167
233
236
206
227
180
299
217
201
248
262
226
265
203
274
196
276
209
185
236
242
205
272
215
279
243
236
202
293
285
273
282
279
269
195
262
254
291
303
269
324
278
283
272
249
271
363
422
387
367
425
460
375
813
438
373
343
500
322
346
366
1303
408
431
324
395
326
343
289
321
365
281
396
288
298
355
384
354
378
345
381
358
321
407
338
316
312
322
334
384
320
389
338
377
350
1162
376
316
338
785
777
771
716
830
725
798
688
849
665
854
826
858
817
761
739
774
825
853
798
815
592
561
564
499
379
375
391
417
419
410
411
401
403
411
413
405
414
480
389
757
764
658
768
805
753
869
732
866
884
820
868
826
726
928
793
801
875
745
844
702
820
547
614
368
466
502
476
438
518
483
468
453
438
391
488
505
496
370
509
360
422
382
350
358
348
343
351
365
376
321
319
338
295
285
327
308
323
320
360
348
400
384
330
327
384
357
341
340
340
380
349
299
316
316
347
416
340
396
308
378
308
320
316
333
262
359
385
331
373
317
376
308
298
434
340
371
394
352
401
355
323
373
342
383
313
328
332
366
386
309
316
381
413
362
352
391
318
300
345
373
317
725
666
724
732
815
686
843
739
770
710
724
750
786
872
854
752
710
664
770
812
803
589
586
601
492
387
373
425
327
264
352
329
300
284
228
298
222
244
252
246
254
224
228
250
217
256
766
772
799
798
840
785
835
782
812
781
935
799
920
530
472
601
477
460
412
358
329
344
365
275
315
292
241
229
305
278
256
312
287
323
229
301
218
313
273
241
264
333
263
249
788
755
727
740
785
723
817
808
780
672
782
804
798
559
657
578
817
847
851
907
853
831
818
790
719
723
845
807
738
837
788
858
543
596
526
551
563
689
598
602
536
475
428
442
410
506
413
428
491
550
412
466
376
358
429
355
470
355
351
378
324
386
345
463
515
426
425
461
442
410
449
400
436
393
387
418
451
467
835
402
709
355
472
360
573
312
463
353
574
329
464
443
409
428
462
375
439
370
427
392
466
376
475
374
423
398
465
368
423
440
1210
416
514
411
387
414
412
475
444
395
458
422
498
461
440
418
456
467
520
411
485
505
503
440
473
413
518
423
376
407
414
397
439
429
445
414
475
449
426
386
362
400
493
368
402
386
516
365
488
546
455
445
392
472
447
462
442
472
406
502
469
450
435
463
408
484
313
325
370
325
260
315
246
298
201
261
260
240
549
274
249
219
331
213
316
254
284
263
272
270
303
329
335
284
249
282
240
287
237
226
215
220
228
247
230
303
234
242
244
248
304
297
253
195
244
291
244
800
718
850
816
861
823
810
912
761
829
799
827
720
734
728
766
589
576
575
498
404
372
468
431
454
441
424
479
352
434
404
401
429
530
434
422
458
469
434
515
423
393
410
431
383
363
441
428
389
397
355
520
438
506
392
465
501
469
388
384
418
376
364
426
386
399
412
403
423
414
455
428
417
387
491
372
356
353
402
378
359
417
323
301
518
380
445
413
409
476
437
412
367
480
582
499
378
476
410
439
424
345
501
355
385
461
370
449
419
451
373
478
435
421
433
424
446
397
487
433
561
463
449
438
475
511
464
428
453
495
452
519
423
463
425
497
404
459
373
412
406
417
390
354
448
436
446
375
414
447
474
465
436
453
470
445
457
460
452
447
472
746
837
657
641
794
655
677
676
791
731
728
747
771
732
723
850
645
591
537
425
404
364
373
497
461
470
469
392
479
481
427
397
369
487
418
440
447
410
408
393
451
394
441
438
454
447
509
458
485
466
412
477
450
441
497
454
403
491
404
481
366
486
365
401
485
391
389
510
502
503
389
375
361
386
420
362
460
394
298
305
270
247
245
270
319
321
322
293
330
244
219
296
251
267
168
260
203
166
153
271
185
196
175
195
221
177
172
203
232
187
285
253
219
283
278
234
206
159
159
175
177
261
266
270
240
266
259
162
193
255
268
229
255
203
224
192
169
222
173
256
213
234
277
296
236
225
312
245
288
265
279
272
339
375
353
408
746
801
692
910
807
849
688
803
777
809
835
858
846
766
763
731
778
783
757
1011
793
808
792
847
723
745
768
677
819
835
780
779
795
780
701
495
970
451
423
363
425
411
460
381
427
411
528
372
378
406
443
458
442
434
513
412
469
427
440
421
508
418
383
479
438
442
364
494
459
425
440
432
453
399
386
412
398
429
381
357
402
410
362
489
406
416
487
432
827
792
739
753
813
780
853
750
890
756
842
717
821
732
783
917
770
702
825
735
818
576
543
581
441
409
438
298
312
315
402
349
333
329
397
394
375
428
364
410
391
334
285
320
256
320
348
321
338
305
361
353
299
374
381
373
333
359
324
324
391
280
384
313
374
336
386
328
358
323
422
303
300
352
409
338
327
311
352
378
385
395
309
343
397
347
344
378
396
368
399
317
376
300
403
345
388
344
291
387
479
356
406
321
439
306
341
360
398
377
376
375
395
331
415
335
359
392
777
441
690
298
400
324
1324
408
413
297
616
390
354
293
347
369
340
306
351
322
298
337
426
382
322
382
493
410
341
324
389
354
352
309
307
325
327
344
347
351
374
325
317
314
257
308
225
223
260
218
201
180
221
180
189
267
340
240
191
259
221
201
241
292
204
233
231
229
211
221
170
174
262
243
222
208
203
226
196
236
293
236
205
227
211
229
202
259
251
250
327
245
229
230
294
220
303
227
252
229
260
194
187
218
259
194
295
255
204
191
188
276
209
260
216
295
408
264
248
213
276
205
241
302
228
209
261
270
217
310
256
286
241
246
300
203
593
246
271
713
672
795
680
809
791
785
924
711
706
703
685
645
814
807
706
794
654
799
775
840
872
860
827
786
950
977
937
820
832
838
779
963
578
459
467
423
431
355
357
355
301
323
284
336
283
248
295
316
276
288
316
356
246
324
269
247
350
235
273
249
322
349
357
266
313
237
334
258
320
318
286
294
373
251
297
340
276
333
293
272
269
292
319
288
373
250
327
314
332
279
283
301
332
318
291
311
287
262
255
309
282
331
320
280
361
246
329
308
325
292
326
316
303
315
339
314
381
275
321
314
304
306
266
285
318
295
328
305
360
296
274
345
271
323
252
234
265
289
329
258
639
700
694
854
694
646
659
844
930
1403
1436
777
812
817
794
852
747
827
722
813
948
882
792
786
838
743
823
798
847
748
771
813
804
649
587
504
544
504
505
431
461
543
485
540
544
426
547
474
517
588
607
570
609
523
684
553
614
521
566
479
612
579
570
424
389
431
416
431
419
416
419
435
395
357
316
348
325
321
337
292
340
322
400
372
346
318
365
323
305
378
336
386
285
317
346
368
355
353
323
384
300
344
371
339
351
328
357
414
365
307
342
353
391
341
380
378
330
388
371
347
358
402
385
400
333
410
328
410
338
296
320
378
304
407
332
301
367
309
340
274
325
334
311
415
425
421
387
428
420
389
300
424
420
375
378
308
360
344
378
323
377
335
408
284
361
323
379
297
406
326
401
399
391
391
416
395
335
358
404
402
382
361
354
382
575
412
399
388
335
348
283
403
348
317
380
327
469
322
368
407
317
379
319
381
394
377
317
341
394
295
395
290
404
374
339
396
299
377
392
374
423
369
308
368
354
356
372
373
412
347
356
354
306
891
736
856
806
885
752
832
769
839
729
864
781
749
752
756
734
748
729
563
589
630
443
439
430
470
414
509
471
442
481
450
470
431
394
477
392
392
480
340
372
382
423
485
404
359
464
466
978
435
420
441
437
459
463
412
461
509
430
429
398
403
478
357
461
407
385
437
344
411
428
444
433
449
467
447
458
419
391
430
437
396
468
460
396
519
494
427
453
352
501
458
445
396
398
384
391
481
453
439
445
442
519
392
370
398
437
550
492
408
473
434
462
423
459
466
471
436
495
490
462
480
495
405
475
610
516
395
460
460
370
450
459
456
498
495
440
464
465
496
479
450
382
477
427
446
429
589
1690
450
472
404
377
419
407
433
360
299
370
323
350
305
301
232
235
321
217
225
208
175
220
306
277
341
308
239
246
232
202
247
214
262
213
295
273
344
249
274
235
299
260
248
303
204
274
306
264
237
225
200
220
226
228
252
599
309
277
305
319
284
299
293
303
250
298
251
249
250
316
231
279
285
299
317
236
352
271
334
283
236
345
238
249
299
227
215
216
218
238
199
223
229
216
313
267
320
269
334
268
226
297
271
310
236
295
252
339
279
374
417
338
338
440
384
330
327
449
360
490
309
376
354
416
316
448
313
370
427
321
467
386
374
406
422
371
307
388
398
364
375
348
355
389
327
409
709
825
647
790
819
801
878
672
677
834
767
810
736
642
877
848
815
794
830
736
854
819
872
721
558
650
559
391
416
408
500
485
433
453
418
482
480
416
440
477
431
422
458
443
403
341
445
409
489
377
440
465
487
436
382
422
400
393
382
451
445
451
472
465
413
456
442
415
417
533
417
425
452
408
491
478
418
443
434
528
435
402
451
400
419
383
366
434
491
407
400
458
460
463
409
477
441
436
443
446
419
428
499
442
463
446
360
447
399
453
432
399
467
382
368
381
470
409
493
385
695
839
766
744
701
817
753
784
827
815
853
668
774
833
813
923
702
708
730
763
728
675
785
913
874
729
807
805
787
763
813
713
799
809
780
734
731
739
795
724
793
869
547
557
501
337
458
441
374
335
299
339
322
424
363
354
333
298
369
321
320
328
322
308
337
330
327
327
300
246
317
333
350
337
321
332
343
343
338
306
298
333
323
301
318
292
334
1118
299
839
752
783
781
768
795
828
656
773
619
835
811
869
830
945
755
836
837
690
671
702
666
672
516
534
572
547
389
393
474
363
401
278
366
356
323
358
314
291
304
304
217
292
235
234
233
198
220
180
144
210
144
225
172
250
232
709
822
765
710
740
790
800
768
737
726
813
904
743
852
803
728
768
856
744
777
772
624
522
523
399
421
429
441
389
469
473
411
407
426
375
450
430
459
436
439
811
795
820
829
805
790
812
824
812
787
717
528
628
497
352
460
336
485
466
479
557
435
442
503
481
449
462
470
506
428
465
466
404
399
455
444
519
448
421
377
430
440
432
469
414
452
489
379
467
369
460
454
434
420
492
479
559
460
478
506
429
383
434
399
433
429
402
401
373
400
424
455
447
371
368
481
440
445
449
399
455
386
443
414
364
358
455
353
271
280
284
299
271
266
271
300
251
283
313
311
312
280
237
384
309
339
290
295
291
312
296
360
280
373
267
306
263
261
316
239
357
258
248
245
307
266
326
330
279
295
292
282
292
298
278
278
272
292
351
321
256
244
358
268
275
259
341
287
249
382
297
408
270
360
311
305
467
368
257
363
342
283
252
242
306
547
346
281
338
225
343
322
324
326
348
289
276
356
284
322
257
318
233
334
254
299
308
358
368
242
271
292
262
276
295
376
350
304
346
318
313
277
433
257
802
355
267
343
281
281
283
288
302
275
261
250
299
265
292
283
351
325
244
276
303
257
306
377
310
317
297
338
253
331
378
318
319
320
329
300
289
260
322
313
268
298
307
361
297
291
358
328
298
277
334
294
239
292
237
352
303
281
328
263
313
354
294
245
322
297
274
247
243
315
296
240
341
251
264
334
247
214
300
268
337
360
271
359
321
369
325
355
319
368
329
299
306
285
362
315
266
259
311
285
350
302
349
274
303
344
320
255
329
280
276
356
322
253
289
340
285
272
279
242
237
247
258
299
306
237
317
263
240
294
276
256
300
316
342
301
296
424
247
314
279
271
299
272
373
285
347
309
267
299
313
441
269
318
274
272
292
318
375
247
289
346
294
262
344
249
357
271
263
297
293
378
253
333
297
260
264
261
276
267
291
326
259
316
274
282
266
358
309
334
285
272
291
344
235
287
337
328
332
342
297
274
259
378
324
262
265
258
268
324
254
237
243
272
271
288
283
275
313
288
242
297
262
318
319
308
268
253
274
281
271
279
316
356
333
325
301
277
311
265
311
295
242
253
273
275
241
265
306
289
336
308
340
265
243
311
256
273
361
305
266
355
376
276
316
328
290
264
323
299
698
280
243
319
355
240
353
246
262
301
330
271
330
256
262
302
304
239
243
265
336
282
315
354
382
370
328
258
273
282
289
334
796
783
821
870
831
821
763
870
790
867
735
945
744
884
739
699
586
542
499
442
456
464
372
402
390
332
314
291
325
268
276
369
218
291
305
235
213
239
206
245
229
233
201
254
229
180
253
266
200
182
155
216
177
221
205
205
275
266
225
181
301
218
210
202
243
214
826
717
794
826
810
804
896
965
819
849
829
852
716
921
684
809
698
739
787
713
686
700
834
808
880
745
730
799
863
760
852
752
879
865
658
542
554
448
418
518
400
400
437
432
449
411
294
361
312
361
399
374
270
319
347
458
386
432
339
396
338
381
334
361
317
316
328
358
309
327
303
362
330
330
301
338
350
375
338
273
363
370
300
380
277
332
300
337
293
386
418
379
305
316
369
424
295
284
724
732
717
947
758
778
746
786
955
891
834
757
818
733
691
682
683
721
756
777
852
741
673
719
874
684
794
750
691
815
684
785
749
742
709
866
698
572
544
600
445
487
453
369
423
345
328
280
298
334
320
289
327
352
291
247
299
263
293
366
269
243
254
308
311
332
252
368
280
261
310
247
271
262
297
292
292
365
303
293
345
289
354
220
337
267
247
266
339
297
296
383
293
389
340
258
288
376
290
352
277
328
272
291
301
311
341
226
298
260
352
311
253
349
272
300
368
353
321
283
258
254
323
311
343
315
360
309
279
276
309
318
301
328
294
315
362
265
252
321
260
281
323
345
384
313
275
253
325
373
296
291
277
359
644
295
268
297
248
299
306
311
278
263
297
300
326
304
301
272
300
264
303
328
281
294
263
286
287
560
314
281
307
290
268
318
287
289
257
263
252
241
284
280
324
349
377
295
325
258
326
312
716
365
301
342
289
354
293
338
273
285
279
258
429
338
338
382
297
304
334
310
323
328
277
339
252
308
249
257
372
291
252
250
390
269
349
332
275
321
269
287
361
330
306
254
315
339
300
356
842
703
791
807
847
840
865
710
848
636
837
834
874
680
937
920
773
843
750
714
788
789
961
753
805
861
790
827
771
830
802
825
825
786
709
734
812
756
689
846
707
765
800
801
651
590
575
835
463
442
443
354
480
347
430
359
408
441
841
493
373
459
369
406
837
357
434
368
392
424
468
429
489
498
445
411
425
399
388
485
431
582
518
432
493
368
423
356
473
694
392
572
442
414
420
423
462
416
470
482
474
399
421
380
448
379
504
440
366
437
499
470
508
421
516
470
518
477
475
427
498
367
419
431
416
470
431
402
345
414
476
528
485
505
428
396
522
379
475
380
400
448
451
391
367
319
331
315
277
321
296
245
244
261
238
266
247
298
295
299
240
241
335
227
240
219
260
211
205
425
286
303
216
282
314
248
301
276
301
246
290
316
271
215
279
227
243
229
273
225
291
210
218
253
288
218
281
231
219
269
220
254
312
327
272
309
241
330
212
299
232
324
306
253
254
223
313
230
306
226
322
228
279
266
280
244
242
220
245
249
248
250
291
216
238
713
799
687
793
675
766
673
773
865
1024
801
771
810
827
861
774
929
773
729
726
738
498
524
512
608
519
569
535
616
619
413
451
435
396
381
580
373
415
327
391
342
321
305
367
338
385
343
347
398
317
330
301
330
343
338
323
341
344
411
328
374
310
302
403
831
841
830
848
846
796
705
820
698
814
715
848
796
572
530
587
433
433
455
386
304
449
390
318
231
340
322
294
384
353
278
270
304
297
291
268
276
328
373
293
292
252
274
281
285
280
269
280
321
334
297
290
326
283
283
306
299
277
252
275
262
251
381
310
287
347
254
328
342
363
256
353
325
323
287
276
350
284
343
288
274
290
324
301
248
265
260
221
218
255
298
314
345
351
293
314
284
314
763
811
801
694
765
679
764
645
783
665
838
889
740
766
822
720
808
814
778
967
758
723
921
763
711
749
600
555
525
864
417
441
395
412
392
471
459
459
472
379
413
406
494
450
468
477
483
435
446
435
384
505
396
419
342
497
469
480
493
474
383
466
559
475
418
452
454
431
366
509
370
487
485
431
482
445
414
486
420
479
427
426
514
420
409
418
361
436
448
459
456
388
355
463
1233
491
376
413
367
393
321
257
302
260
335
236
299
296
296
325
293
273
278
276
308
282
281
305
299
267
273
278
299
259
261
293
352
281
258
392
292
289
298
297
264
309
315
334
291
443
245
334
776
816
782
831
805
850
767
826
808
718
736
830
871
958
894
753
557
621
394
489
441
348
333
320
329
342
329
344
335
323
319
324
369
306
307
350
401
333
338
422
335
351
335
360
379
308
397
332
298
367
344
309
359
346
350
367
326
303
462
306
317
320
349
379
346
337
332
281
384
382
357
410
403
382
397
358
376
303
387
340
347
280
275
275
282
310
277
330
349
272
288
678
745
735
717
664
749
748
805
811
834
727
769
697
758
705
710
697
751
672
792
813
849
800
849
782
785
789
752
746
653
743
650
495
623
595
366
415
404
735
719
826
697
866
916
771
900
756
840
760
921
800
787
825
810
757
785
750
798
715
629
630
555
420
479
438
441
422
454
447
446
409
481
444
479
374
358
351
308
265
315
328
379
351
292
358
389
360
394
353
291
329
354
324
355
306
418
395
390
391
317
411
428
379
308
299
335
315
347
379
324
342
299
329
346
360
352
360
380
312
370
335
377
281
323
370
313
324
337
404
410
298
315
362
363
356
411
337
401
330
271
411
368
317
332
326
418
289
363
592
425
309
336
386
344
393
349
402
378
371
341
398
429
285
402
408
358
358
341
313
397
452
410
324
301
288
309
322
366
348
297
350
374
393
375
351
380
391
399
398
401
338
381
303
309
366
287
333
264
334
337
324
302
366
323
376
363
334
412
336
317
318
392
359
341
372
388
406
366
354
321
313
282
293
391
379
351
318
333
322
417
309
301
351
319
357
342
803
826
674
835
793
872
833
775
854
742
804
648
765
660
664
696
464
560
453
474
379
471
460
320
327
343
261
343
254
273
261
278
274
253
269
354
314
264
339
335
652
765
668
808
803
791
855
697
807
657
770
491
605
521
420
385
428
280
390
271
350
267
281
235
259
280
272
247
264
332
258
245
218
207
240
210
239
289
226
230
261
308
286
206
307
252
323
266
257
231
266
234
330
290
287
244
258
258
269
224
215
290
202
276
255
229
263
243
262
294
241
258
289
287
262
320
253
325
199
276
271
243
225
250
287
279
297
309
267
227
217
299
270
228
284
224
288
276
243
270
253
243
263
225
255
253
230
204
256
267
267
324
253
251
274
258
224
218
241
244
250
276
252
280
234
206
228
230
210
258
198
216
250
176
180
303
224
174
148
194
270
210
268
854
921
772
848
774
802
842
838
837
768
758
845
752
673
784
829
736
732
721
861
627
566
580
604
360
416
406
473
390
519
385
476
470
422
412
400
563
486
399
465
389
511
487
419
390
427
417
426
471
524
410
700
396
381
314
308
348
344
373
386
382
389
374
346
330
343
282
373
327
335
361
330
287
274
408
379
406
359
434
399
359
333
345
373
303
397
330
448
368
337
374
316
352
304
317
279
325
350
376
433
316
418
369
377
281
323
299
287
243
251
228
216
194
309
278
200
194
228
173
188
168
206
210
251
264
199
247
177
250
237
197
195
166
297
174
245
171
220
314
299
166
287
193
178
237
232
166
276
194
213
195
223
188
241
162
302
239
740
794
748
809
743
824
828
791
860
818
704
761
784
783
799
853
840
756
733
618
787
762
755
880
842
837
833
772
855
737
769
638
662
659
588
602
573
587
570
564
680
564
517
575
485
610
565
603
463
416
436
336
310
428
316
464
359
437
328
350
415
344
414
325
373
329
348
411
367
321
353
311
350
377
350
369
382
313
342
348
348
313
363
340
364
353
345
360
343
370
360
455
389
382
340
387
324
377
403
382
364
365
345
400
327
349
394
364
344
378
321
393
770
817
690
814
769
787
774
850
722
843
866
751
850
861
824
875
761
833
536
630
502
505
454
387
398
348
340
380
291
245
320
341
293
312
285
258
322
312
272
260
260
246
294
291
321
295
270
391
256
250
267
338
290
296
316
250
256
311
271
351
297
266
302
277
429
288
277
326
376
317
313
308
333
291
368
306
347
286
232
323
254
372
323
297
304
254
294
299
301
300
291
304
318
317
299
254
298
281
300
320
289
302
347
317
249
330
343
372
339
388
351
323
245
307
261
295
347
352
278
340
565
266
307
289
279
316
323
271
315
262
312
308
275
322
307
291
259
275
239
247
294
346
254
361
236
230
335
371
355
364
341
320
344
270
242
250
285
268
222
379
280
380
248
317
315
306
295
364
255
368
279
282
320
311
337
308
263
329
270
282
264
306
281
340
303
276
279
306
293
277
296
294
320
257
341
317
254
259
236
332
283
276
393
544
261
304
315
339
325
331
328
344
314
301
314
306
312
309
305
288
248
223
305
258
330
320
285
335
268
278
239
308
280
309
255
316
338
305
256
251
276
280
306
290
290
265
267
280
266
379
283
293
328
340
258
241
363
296
286
251
361
231
358
280
278
307
323
264
318
394
344
299
275
305
337
291
294
258
309
334
352
322
1313
863
946
770
922
768
839
851
868
765
803
898
716
631
484
569
383
476
383
503
386
442
374
385
362
453
466
457
447
457
447
433
448
476
478
478
475
393
443
462
444
699
864
711
880
1021
742
757
836
821
895
796
880
841
904
732
897
764
881
554
552
584
553
607
578
553
520
481
526
556
537
544
556
523
618
583
586
602
569
546
625
535
478
556
498
583
589
652
571
580
578
603
527
566
461
476
580
601
526
862
510
565
587
552
536
493
589
512
581
900
555
569
636
524
503
794
501
531
504
518
636
594
543
488
677
489
544
643
644
565
512
552
499
464
477
458
449
459
468
631
621
1110
478
441
400
394
451
346
836
692
654
730
802
836
813
851
830
772
826
717
841
898
846
723
796
816
1087
781
877
654
624
542
586
590
590
576
641
547
629
536
569
466
417
402
385
297
336
275
274
320
364
376
430
308
355
320
328
331
367
315
285
312
267
290
318
289
292
272
305
341
308
328
312
335
258
332
288
301
272
256
289
283
263
304
291
375
470
277
254
326
226
359
767
807
821
778
839
741
795
848
797
873
787
799
758
689
690
793
818
719
913
812
809
705
818
823
757
785
591
553
601
477
427
410
331
320
417
366
382
349
296
361
370
346
419
381
311
338
362
402
360
399
338
344
307
335
383
312
386
390
367
359
333
343
359
407
332
339
403
402
341
330
414
349
402
379
326
297
304
345
408
383
453
474
401
409
309
434
367
327
373
387
370
374
318
381
416
300
369
315
353
375
328
291
358
305
359
371
344
310
261
427
447
328
415
368
410
382
365
312
365
391
368
399
383
359
406
295
361
420
369
320
419
337
341
345
321
297
259
359
360
346
318
396
432
351
416
379
424
409
334
399
359
348
345
332
324
314
325
378
319
414
402
334
308
288
394
431
479
344
278
337
318
337
1215
318
357
448
368
278
360
384
369
432
332
375
263
345
262
363
348
329
331
413
377
423
344
386
330
352
453
409
419
356
376
322
516
323
299
299
355
327
336
348
366
301
355
368
322
310
306
371
425
395
335
327
273
367
317
372
312
377
373
338
335
352
332
343
392
345
416
314
360
392
438
415
308
340
406
330
397
352
407
309
443
350
409
343
365
295
390
340
419
313
370
413
387
394
378
391
415
387
774
680
852
701
776
763
701
651
796
811
902
878
722
832
705
852
812
861
812
811
746
601
532
597
463
457
375
309
282
326
305
339
365
419
444
333
343
405
415
358
323
402
637
414
346
314
396
316
361
435
410
405
341
379
313
362
312
319
370
646
365
405
427
375
315
387
369
394
423
438
444
325
452
351
365
350
342
314
310
339
303
428
352
492
350
288
316
371
332
361
343
652
380
333
287
360
309
346
308
453
342
308
325
336
367
361
386
365
331
313
376
348
353
359
359
381
1095
311
279
410
296
410
341
315
338
333
379
346
339
406
303
341
340
320
313
326
333
408
407
365
336
355
356
305
291
346
373
407
399
391
368
363
328
399
346
336
341
383
467
384
364
379
406
483
340
378
348
433
384
298
360
324
374
383
428
347
313
379
417
414
365
422
433
326
328
283
388
417
381
377
380
358
397
304
370
326
388
389
386
330
413
361
341
445
409
384
354
285
398
340
376
337
412
369
445
413
329
419
381
424
323
385
384
311
309
353
335
350
319
440
406
322
330
322
397
334
326
370
312
320
394
308
394
349
424
375
378
367
340
333
346
327
343
336
350
418
328
291
334
331
352
352
355
346
353
316
373
316
295
409
391
397
386
445
355
398
315
342
411
384
334
364
417
361
339
318
386
370
354
413
455
395
318
359
390
310
323
356
335
432
419
396
449
321
428
399
393
348
306
382
383
374
353
359
316
325
354
354
342
438
343
399
324
326
309
308
320
289
256
386
319
330
320
354
385
325
417
375
433
335
399
349
321
395
316
325
309
353
360
415
409
324
358
321
268
386
355
360
362
430
306
260
361
387
357
345
375
324
369
300
334
280
321
391
382
369
344
307
315
357
356
350
299
295
363
353
342
347
341
345
409
307
365
325
409
304
321
367
393
288
742
754
661
659
768
775
771
942
811
815
781
594
494
548
388
417
454
352
428
367
453
386
406
441
507
409
433
439
459
437
457
416
470
426
477
557
424
407
376
395
454
472
479
460
484
481
458
454
517
481
459
416
453
363
442
395
438
395
375
423
1264
406
446
555
439
403
368
477
359
487
444
428
398
407
331
380
412
493
510
441
505
436
510
434
458
442
436
428
465
448
521
416
433
412
373
376
368
465
508
382
451
416
408
485
1624
452
468
393
445
710
774
806
769
765
737
785
706
772
830
831
745
702
673
847
792
825
753
671
737
847
772
783
768
751
802
663
579
504
468
509
599
622
541
573
585
610
639
564
577
500
598
516
487
396
439
449
395
352
397
368
402
364
358
360
392
327
397
279
310
311
349
378
384
301
379
308
370
299
394
389
412
422
406
403
335
319
383
317
338
353
343
346
336
420
349
309
348
342
419
365
296
720
726
715
747
772
854
719
711
773
871
805
815
782
823
677
749
732
852
661
620
556
666
580
537
425
392
401
427
390
417
420
462
415
447
429
411
346
441
438
421
423
467
499
390
514
423
432
443
432
486
514
440
422
875
802
768
798
752
803
807
815
768
814
638
684
790
791
747
741
756
758
754
816
794
606
634
629
416
350
454
848
512
477
467
431
482
404
420
479
399
447
457
411
443
459
436
464
477
497
412
411
1014
383
520
435
439
461
480
461
527
459
371
405
367
456
422
470
423
373
444
383
430
381
475
404
403
446
457
445
360
460
602
451
431
518
387
459
388
424
429
404
459
422
418
497
508
409
385
453
502
393
391
470
431
476
401
394
479
371
416
448
401
463
389
480
496
412
537
445
374
495
405
461
430
455
488
460
453
459
477
430
468
448
454
374
427
379
382
491
495
441
494
453
392
407
449
419
436
462
509
408
499
456
431
401
394
454
493
443
474
396
509
505
358
496
463
410
385
477
429
451
413
394
463
374
382
471
479
505
495
411
418
493
463
566
427
400
359
281
270
346
273
212
239
279
247
289
267
203
201
190
202
182
191
163
147
171
205
203
202
214
176
189
189
227
200
304
222
203
227
241
204
217
157
212
307
171
262
178
256
268
270
279
265
222
220
177
214
201
179
274
212
211
195
295
208
235
175
251
258
179
203
194
169
159
277
170
210
143
225
211
232
253
290
165
334
240
215
716
762
785
830
759
872
777
849
770
820
764
882
758
982
851
890
866
739
524
488
451
374
479
370
386
429
407
398
402
270
265
225
230
238
333
201
247
221
221
245
234
259
231
284
237
299
800
733
728
703
739
764
820
786
827
722
909
822
832
810
866
802
822
738
835
895
784
792
769
618
580
593
498
457
480
412
343
293
358
290
376
348
335
317
286
352
315
399
322
408
363
338
316
380
306
325
314
368
361
325
304
340
400
324
374
281
398
316
365
294
367
306
360
300
320
388
316
436
469
343
382
325
336
449
401
349
325
324
376
373
402
448
373
391
335
387
366
376
332
344
396
354
318
319
318
324
374
331
370
342
346
374
307
294
363
391
322
412
371
386
316
356
393
371
355
372
330
364
348
317
390
375
408
394
324
381
682
342
334
295
918
360
381
298
379
376
321
329
336
349
402
388
397
321
305
375
419
335
395
434
346
300
326
363
345
422
361
425
385
384
348
344
337
353
319
393
316
291
339
310
371
335
442
332
355
321
341
306
342
400
393
392
330
401
325
456
298
406
372
289
360
393
383
354
311
287
404
346
426
371
304
304
337
293
456
301
383
302
364
413
393
332
334
306
409
277
392
379
348
371
275
340
405
305
368
424
357
357
729
713
798
859
821
846
827
765
782
760
746
784
688
851
765
786
804
793
821
758
830
798
780
791
641
526
380
376
508
485
505
465
453
412
441
463
442
506
432
420
407
444
313
407
352
441
384
338
322
405
1189
370
354
339
398
330
330
350
358
317
294
409
371
386
356
342
385
393
315
735
814
699
847
653
807
876
969
750
873
798
770
791
952
915
933
896
846
521
521
586
405
446
469
366
333
404
317
357
327
375
254
299
224
208
199
389
334
309
227
340
207
271
238
218
266
265
267
269
251
257
264
261
238
247
299
243
272
274
332
254
335
284
260
256
221
260
217
265
256
232
264
249
219
231
321
245
198
273
271
266
301
273
334
272
270
270
334
286
273
254
301
234
262
224
273
255
285
241
265
253
252
238
251
251
257
232
300
267
210
297
259
222
330
300
254
291
295
215
317
281
280
283
227
261
269
301
303
221
257
255
277
233
290
203
301
213
346
238
253
269
260
291
288
262
283
318
247
278
318
280
284
321
226
326
333
257
283
244
247
223
250
261
299
316
255
222
238
224
319
271
288
294
228
286
219
281
264
297
276
293
262
328
199
304
220
288
335
236
303
243
241
241
274
261
321
312
236
221
277
733
681
721
666
831
776
846
724
712
728
716
824
707
912
765
735
832
760
849
730
823
798
736
725
598
599
571
536
558
515
504
641
639
593
621
538
525
458
630
460
488
495
382
522
495
382
359
451
326
351
405
313
358
317
358
321
307
354
322
421
302
406
342
401
334
367
349
637
282
409
368
409
309
349
300
376
272
280
339
342
370
442
417
413
373
311
295
312
382
356
382
354
381
279
308
301
279
231
237
316
229
181
172
203
321
231
229
297
215
178
201
214
180
235
207
199
165
154
206
139
269
172
209
436
165
206
228
860
862
831
760
764
771
739
871
809
865
713
843
761
789
775
781
715
864
881
710
812
966
843
865
854
638
674
730
725
793
819
813
851
676
576
498
643
466
467
462
378
384
367
381
342
394
340
346
295
354
292
380
263
398
402
313
385
302
368
416
400
429
363
357
638
395
419
366
333
367
337
315
322
330
1415
333
283
336
339
366
331
323
335
315
388
327
322
331
297
342
391
330
351
313
354
344
403
304
328
314
298
304
341
271
355
344
316
353
359
339
354
336
319
356
318
330
348
395
458
312
300
383
254
366
261
357
334
266
394
273
455
338
333
332
380
352
424
303
370
340
299
358
441
351
399
304
327
355
287
315
335
370
317
330
390
371
367
305
366
387
318
397
310
334
348
349
801
3227
764
694
679
590
796
823
908
790
772
854
714
704
684
667
676
667
746
852
674
654
586
471
575
491
583
600
568
737
552
668
525
607
531
496
514
466
466
507
485
454
425
587
477
509
556
493
951
405
399
303
286
282
287
350
284
317
274
356
323
316
265
252
257
275
191
249
211
271
191
271
741
774
599
714
570
653
750
743
635
629
570
511
411
410
378
960
345
407
374
468
392
440
375
734
408
570
371
452
369
406
380
523
387
502
516
380
403
380
558
433
438
494
444
472
458
469
469
412
457
466
471
466
394
369
433
368
425
389
421
896
403
431
464
425
435
391
493
384
566
364
402
354
455
401
532
472
474
479
508
519
511
498
498
450
413
366
348
469
361
432
393
441
464
383
445
364
449
383
423
532
467
486
385
498
424
491
474
524
444
443
419
410
355
352
312
282
281
398
310
291
332
312
243
258
242
308
204
183
222
688
817
840
782
683
736
670
732
867
771
710
783
661
774
721
786
706
779
685
652
695
882
851
738
782
808
800
783
736
790
870
758
783
803
715
499
623
465
414
398
393
386
346
358
333
297
342
346
265
385
236
364
421
326
286
259
268
357
250
278
237
314
379
315
251
316
265
249
369
317
334
325
340
255
341
345
290
369
311
300
281
272
301
244
296
335
314
306
334
329
372
325
295
241
258
313
314
672
786
783
797
644
778
771
850
852
756
741
750
760
811
822
837
827
864
537
562
569
418
491
529
455
344
325
377
280
299
356
285
296
354
338
177
199
269
263
204
287
201
212
199
215
253
377
283
254
284
260
200
304
191
268
187
272
205
209
235
191
218
198
238
219
247
235
226
245
411
257
306
214
254
308
255
299
211
260
286
230
202
222
219
272
213
246
244
198
258
219
220
244
200
261
202
228
236
242
196
199
291
250
201
261
201
181
284
218
217
251
286
205
269
841
812
783
762
726
873
755
832
736
922
733
1083
771
829
735
785
706
879
729
850
721
676
618
552
376
469
411
1173
370
404
291
227
311
240
231
253
247
214
254
299
241
220
248
211
243
233
238
257
663
775
744
792
764
796
765
834
770
858
747
724
789
741
765
738
725
784
678
615
580
466
415
452
480
359
396
368
337
408
355
377
299
379
327
371
368
429
296
455
291
343
265
295
265
410
311
413
338
323
400
314
302
381
294
778
821
697
828
775
726
790
750
812
803
707
808
727
735
690
631
656
811
829
869
766
491
558
571
388
396
347
363
347
354
327
349
412
377
429
485
510
513
373
397
353
469
402
467
404
477
406
494
400
389
505
443
418
361
487
457
433
502
409
479
486
440
470
451
388
434
421
438
342
429
446
441
454
400
523
494
476
449
480
505
372
503
382
414
372
375
370
413
438
439
354
371
419
351
485
449
453
508
446
545
374
444
504
473
475
398
466
364
434
380
434
369
367
382
336
386
419
439
371
467
1362
405
479
458
417
437
446
464
437
499
483
416
453
391
374
401
410
460
410
458
431
626
506
485
476
366
442
371
450
413
490
418
407
475
431
439
404
474
458
387
421
419
498
476
448
449
433
406
448
445
437
442
339
416
367
444
480
462
425
483
394
399
397
434
467
491
926
838
682
831
616
784
647
888
809
756
743
864
683
886
753
840
838
831
746
760
728
511
557
507
422
385
389
413
403
326
302
255
358
281
261
306
317
284
316
258
254
318
275
277
407
307
349
263
294
327
295
250
307
281
244
299
359
315
339
312
300
387
294
279
345
321
259
263
255
243
308
268
279
278
331
284
325
318
319
265
245
304
316
293
290
312
336
311
311
275
275
247
284
347
349
308
250
256
274
703
694
743
710
696
761
779
779
805
753
829
843
790
750
831
780
723
677
664
650
615
790
811
1075
803
746
769
812
743
692
810
703
740
735
616
469
547
462
418
400
377
356
410
462
461
441
380
470
398
534
365
456
413
394
524
447
476
380
462
366
460
447
419
448
457
381
471
366
341
352
438
456
435
424
426
371
444
502
446
452
529
497
473
449
477
474
494
540
408
462
448
511
394
511
439
499
439
434
479
388
488
359
389
393
407
441
390
381
479
434
380
467
468
391
459
465
514
473
430
496
475
419
444
388
489
445
492
453
482
438
462
562
532
376
486
377
460
369
426
338
360
474
387
484
471
484
430
469
410
544
432
419
451
395
413
481
430
461
446
389
452
425
474
414
464
484
418
439
367
459
360
894
343
356
312
369
338
380
370
332
353
419
332
360
275
356
293
381
295
395
316
332
327
305
305
417
310
383
345
377
332
332
326
406
416
341
325
351
422
346
392
401
399
362
400
379
748
381
373
395
399
379
341
377
383
428
349
417
348
369
388
372
450
314
375
336
334
380
313
317
341
378
377
425
411
419
368
360
312
401
318
321
281
334
400
344
321
310
300
358
359
424
319
323
362
359
372
303
306
304
351
321
393
318
387
333
617
310
375
417
419
363
405
342
395
318
347
296
393
319
314
425
316
293
357
326
398
294
332
412
322
464
427
372
386
343
429
336
318
432
335
393
350
429
352
467
342
346
421
369
329
426
705
321
396
418
348
363
345
595
364
379
334
342
281
288
367
391
342
377
330
385
327
368
379
329
319
315
349
362
328
346
309
436
373
473
359
338
367
355
328
414
479
438
420
385
328
308
313
321
371
411
315
311
329
422
388
418
397
349
402
320
400
365
1424
393
327
375
311
334
329
399
332
283
286
352
430
338
367
353
402
390
337
346
444
333
425
547
348
309
373
294
403
276
285
405
387
379
354
340
363
392
331
350
349
321
272
315
335
402
326
345
361
364
358
372
327
412
328
325
430
344
426
331
375
371
461
334
392
347
344
375
310
317
324
297
371
380
347
358
386
280
422
304
368
309
372
423
340
314
393
616
421
432
327
698
822
677
803
779
805
819
797
823
722
912
718
766
2716
531
486
476
539
512
565
553
567
523
660
617
506
518
545
511
479
539
590
516
588
627
725
501
554
638
595
490
549
573
624
458
592
617
598
627
602
631
1724
613
573
541
532
552
530
506
469
391
437
392
622
324
353
340
370
312
308
311
375
324
303
275
284
390
745
320
330
702
830
636
804
847
697
824
744
663
687
915
963
778
733
764
939
814
810
799
689
629
609
510
608
376
390
367
431
380
438
502
435
488
473
454
471
430
532
486
432
450
461
430
459
443
469
353
486
375
502
483
458
389
422
418
439
465
437
435
428
397
398
388
422
525
455
391
439
415
759
795
783
754
830
759
844
746
836
797
799
793
782
785
829
693
735
678
640
676
730
588
634
586
726
464
428
389
324
388
404
388
412
380
322
360
366
329
362
378
345
321
397
358
377
411
372
318
376
429
410
308
366
277
344
240
330
418
282
300
359
279
315
306
291
333
353
318
374
282
258
306
260
327
295
299
267
265
346
271
325
278
347
255
230
312
249
316
330
323
350
392
265
267
271
251
344
338
283
241
320
257
284
287
301
306
280
274
279
242
277
252
298
245
338
757
758
796
818
790
789
794
798
773
713
782
1891
834
930
789
496
512
615
458
510
465
323
323
308
403
279
251
252
666
543
733
544
624
530
638
696
653
796
547
645
549
691
677
635
615
704
690
591
454
395
458
421
324
397
331
310
452
338
375
358
439
387
491
337
354
361
427
391
386
359
405
454
382
456
401
419
331
464
408
372
429
333
343
405
358
327
325
396
322
415
327
350
430
377
463
340
419
440
341
410
402
497
394
423
323
741
756
744
696
654
690
668
769
838
769
875
618
737
747
678
786
625
635
623
472
481
512
426
419
467
436
334
416
355
404
342
428
393
363
471
352
306
314
403
436
391
382
415
408
349
329
303
345
334
400
360
329
381
376
339
426
322
321
386
310
379
371
367
338
298
410
401
364
309
312
285
314
362
369
300
424
367
420
303
435
332
298
355
405
392
357
286
418
343
357
333
365
342
369
402
403
406
342
412
442
340
339
410
393
393
354
291
362
292
354
383
360
401
327
703
725
886
798
796
734
756
674
733
738
751
731
767
824
2222
1428
803
670
749
634
536
557
593
451
416
442
376
333
328
311
272
244
326
363
264
337
344
260
291
361
293
257
296
371
315
340
334
258
324
305
251
372
304
318
360
305
362
346
314
334
340
325
326
332
268
281
289
259
264
300
299
307
289
254
353
257
323
261
285
253
262
292
264
272
361
379
370
290
339
260
283
287
335
359
326
273
249
274
264
318
306
235
308
281
250
233
345
250
296
364
325
325
294
297
270
323
302
294
297
346
269
248
345
245
269
298
272
292
265
285
790
902
814
755
736
751
779
827
891
815
780
751
645
666
791
687
738
671
822
887
784
618
594
1536
500
381
486
382
491
406
525
1101
505
387
435
323
341
352
339
817
774
681
694
679
740
667
762
790
837
778
508
567
577
377
425
402
368
354
335
402
313
290
309
319
364
327
310
367
499
303
341
305
384
337
343
440
398
344
377
265
376
340
310
367
356
322
317
301
378
298
404
400
337
342
309
396
288
336
305
338
283
341
354
329
383
384
303
368
329
417
353
294
423
375
356
389
311
363
365
366
373
416
353
313
369
335
446
288
293
301
414
364
309
293
394
410
311
398
360
331
316
399
368
313
288
369
367
376
374
372
340
371
304
465
316
372
590
354
413
324
340
327
340
353
309
407
301
433
347
328
338
418
317
397
650
386
371
316
334
365
315
386
358
378
439
1234
446
420
424
359
1089
439
342
435
392
345
346
412
465
332
304
361
372
329
332
347
455
381
423
385
359
315
323
381
322
428
356
366
345
340
375
324
390
407
361
448
340
366
348
378
321
372
355
383
370
344
430
378
269
370
1024
329
348
273
334
309
325
276
324
271
289
257
307
305
258
341
347
334
332
250
298
315
248
321
242
365
301
261
316
227
254
362
286
275
311
735
890
886
699
773
832
794
844
901
956
728
802
780
791
798
746
717
815
674
778
836
782
775
801
776
754
858
697
804
774
828
743
817
807
739
833
640
590
569
538
445
472
444
414
414
389
401
332
412
413
374
395
416
373
316
373
278
330
326
317
317
323
387
417
459
424
371
344
312
378
317
378
349
347
307
371
306
330
376
430
346
372
422
296
349
342
358
365
368
341
690
757
699
743
852
819
792
803
789
2065
765
754
744
701
882
781
851
774
611
638
591
412
438
449
380
408
383
338
372
403
400
371
490
383
342
334
367
399
357
300
357
362
329
347
333
298
354
303
365
416
387
321
383
352
369
372
356
312
347
313
455
298
265
243
216
231
207
213
196
174
329
270
207
178
275
197
275
249
227
265
807
847
771
827
821
721
798
789
761
838
808
930
820
623
519
595
598
504
479
447
415
500
360
384
387
389
356
296
295
213
258
220
304
181
298
193
192
281
265
443
177
314
171
340
239
272
177
264
225
256
215
273
245
224
273
200
302
279
221
258
331
266
229
333
166
250
777
880
836
891
667
1231
1061
821
916
684
1705
682
893
694
803
467
585
495
406
502
432
337
322
419
364
319
399
364
438
333
345
278
314
269
398
343
417
408
322
375
321
336
318
309
306
360
484
375
407
280
312
364
343
444
403
355
401
396
417
315
331
348
376
376
340
323
348
330
283
314
474
373
313
341
313
350
332
395
329
382
384
375
333
368
304
346
699
722
748
681
721
707
710
751
907
1432
1318
733
891
740
762
716
704
861
765
791
907
740
831
693
873
741
827
874
811
761
811
829
818
798
872
710
790
770
745
755
684
1027
849
810
482
563
559
460
395
377
352
371
328
360
354
287
429
389
316
361
315
316
389
426
348
397
328
403
340
342
311
306
801
305
327
481
310
315
291
373
307
312
402
334
387
309
346
350
424
354
353
370
455
308
469
380
374
334
386
392
352
362
382
324
334
332
316
317
397
476
345
377
326
360
349
297
375
323
404
400
380
314
365
339
422
288
349
311
436
401
310
319
772
732
806
722
829
744
837
741
588
652
538
418
415
428
386
444
361
391
376
445
498
449
493
423
407
340
369
293
298
310
242
298
278
317
298
258
319
249
311
328
352
350
274
298
273
306
250
330
304
266
333
309
460
277
264
315
364
360
367
837
885
810
694
670
749
686
774
817
808
793
770
757
854
782
682
611
525
651
429
434
462
401
355
360
301
306
321
286
279
223
211
243
264
232
254
286
222
311
265
217
264
290
210
280
257
247
250
250
244
232
205
329
217
285
688
858
815
771
799
766
866
755
880
817
892
1038
834
758
688
747
818
865
652
803
670
817
667
752
565
672
504
371
545
370
317
309
359
275
382
260
234
294
360
323
347
281
367
275
321
285
320
1232
287
294
373
306
246
353
370
309
324
319
267
312
262
252
299
361
266
266
312
336
281
315
303
278
338
239
264
304
292
272
323
286
301
314
301
359
274
311
272
315
359
283
373
362
272
350
333
245
318
357
366
359
299
286
296
292
351
270
319
276
295
335
298
259
265
276
255
299
292
337
266
249
317
239
353
348
337
299
338
305
295
285
314
299
353
295
386
269
280
264
313
350
252
289
282
359
273
319
245
295
306
298
370
346
279
327
310
270
304
268
290
336
260
278
326
301
330
308
292
285
357
299
285
293
317
298
348
332
315
343
277
300
275
319
282
302
302
335
272
258
311
276
303
356
289
308
237
242
313
278
249
320
293
283
357
279
264
331
263
337
328
365
312
289
284
219
283
229
221
270
274
204
218
263
186
