1059
4046
799
690
588
541
526
533
445
412
421
371
474
416
500
455
567
445
507
509
493
503
392
372
464
386
335
266
318
287
237
302
266
255
283
293
252
244
416
363
223
210
217
501
164
197
243
204
190
219
162
176
170
182
148
149
210
182
258
222
228
227
172
204
186
156
194
191
193
242
144
214
252
190
168
233
160
222
219
247
176
195
261
160
236
273
189
217
200
207
152
164
149
165
216
185
195
175
224
250
280
194
159
222
180
203
172
217
186
153
175
158
151
153
399
254
180
169
217
171
161
188
165
167
157
162
180
181
353
299
198
158
209
183
171
177
162
175
235
188
193
349
204
204
198
191
191
213
175
166
150
172
201
172
187
196
298
181
160
210
185
158
208
169
187
166
165
179
178
156
189
216
179
145
158
255
209
156
161
195
157
169
238
161
155
190
216
199
264
183
170
173
199
144
188
172
149
190
138
166
234
202
201
208
219
203
276
161
182
179
196
168
155
165
235
187
226
263
291
314
243
159
221
190
201
196
261
233
252
270
183
224
179
221
215
280
174
468
268
229
233
227
206
279
238
276
199
267
217
243
273
220
217
195
211
225
252
248
191
173
191
205
207
230
276
224
193
417
150
149
286
247
223
230
245
236
256
199
222
246
236
196
260
252
223
172
199
174
220
141
220
222
207
353
248
240
183
166
232
217
248
258
210
178
231
176
269
191
168
217
275
224
381
215
254
241
222
230
249
316
212
181
191
207
218
209
297
216
259
177
318
226
181
167
245
275
238
407
263
168
197
332
182
211
257
209
178
244
324
232
163
222
195
209
180
247
287
172
176
187
336
190
233
177
192
313
257
311
222
235
186
184
201
200
224
433
243
184
239
154
234
161
249
214
211
321
323
235
226
225
235
250
292
362
238
279
226
166
213
207
186
259
267
209
334
200
195
190
237
226
213
239
250
248
178
190
200
222
171
201
230
190
362
217
199
226
253
172
245
174
273
239
194
243
153
207
192
163
205
227
200
219
278
606
197
264
217
180
218
235
178
264
181
237
237
239
222
282
161
210
291
251
282
221
222
234
232
251
280
197
174
193
243
222
150
273
230
207
258
218
204
203
212
204
268
294
259
210
169
207
202
180
223
207
287
210
228
207
245
235
219
266
275
226
200
189
178
145
174
172
179
212
209
229
229
304
219
229
176
187
212
170
276
285
193
215
272
240
221
270
269
229
199
323
277
191
176
141
169
268
203
310
278
208
221
225
202
192
182
197
220
258
319
220
255
218
187
282
176
269
211
251
221
230
204
189
170
301
181
286
368
241
272
209
192
194
190
237
255
261
193
249
317
197
251
674
757
736
854
683
962
740
861
711
806
648
636
692
471
475
467
483
312
352
459
399
288
318
290
282
238
313
228
224
338
242
275
311
220
258
288
230
276
250
292
293
259
259
266
299
259
212
259
462
277
326
927
237
199
291
344
341
301
318
252
294
270
275
239
261
251
242
287
400
293
263
371
317
256
262
279
247
282
259
298
284
288
273
331
267
246
339
304
274
307
278
237
358
210
226
269
304
388
366
291
293
242
235
211
275
210
341
245
236
275
268
280
268
263
299
205
248
225
314
283
251
273
245
293
239
264
262
212
295
189
256
241
251
226
335
266
233
228
260
225
239
281
264
289
272
291
212
265
246
258
240
253
268
327
259
343
311
294
355
246
235
331
239
320
217
242
218
297
237
324
278
204
282
352
261
205
187
232
288
150
172
201
155
197
210
269
225
243
236
250
248
215
182
291
184
152
280
255
171
261
194
162
243
183
225
311
214
191
248
151
167
257
229
185
196
183
164
197
280
349
409
231
165
183
197
149
159
198
265
201
189
237
186
241
216
182
251
357
183
214
178
211
194
165
206
173
192
224
165
227
191
247
230
187
271
186
213
235
232
173
176
210
183
189
261
235
225
248
197
291
186
199
212
186
165
153
240
740
728
768
899
696
862
681
872
707
956
736
886
704
805
841
755
860
736
695
739
650
667
763
679
754
809
810
849
796
827
1093
512
642
645
399
400
527
486
441
466
426
479
450
453
432
633
500
493
491
486
560
502
525
439
401
396
345
339
342
354
295
253
317
366
230
228
250
218
270
208
234
175
194
241
206
218
178
261
180
239
325
343
183
233
174
213
301
199
204
166
192
190
241
202
260
196
245
180
258
234
192
176
177
176
243
707
853
810
813
799
795
712
706
652
682
638
669
622
629
759
714
737
697
778
512
568
516
483
408
454
536
418
350
347
286
325
262
261
294
265
337
267
292
262
246
257
227
199
165
182
274
198
199
192
263
300
264
225
245
176
219
283
210
211
197
198
238
732
156
301
237
195
257
203
241
234
217
221
190
236
163
217
506
181
271
203
240
265
185
246
255
217
246
293
255
251
269
363
308
391
297
361
261
299
298
293
363
267
325
234
363
687
843
694
823
645
791
797
896
736
750
835
845
847
735
850
840
785
809
808
780
693
599
583
517
512
544
683
537
533
563
451
452
460
350
319
354
340
334
304
293
782
842
737
732
816
667
788
926
745
571
500
402
448
485
431
462
465
460
420
465
494
425
482
422
394
459
439
494
446
469
357
450
429
425
425
484
403
458
435
448
550
501
446
510
433
509
459
472
370
461
410
397
652
641
804
752
809
681
692
765
661
824
1057
825
803
706
801
798
839
726
719
638
778
658
1324
551
388
473
446
424
459
366
433
483
384
519
435
503
468
312
350
394
298
331
261
314
258
305
292
268
253
238
251
196
212
185
207
202
234
208
141
221
216
160
225
209
275
199
194
202
166
234
223
212
157
203
169
223
258
223
196
203
285
221
273
174
286
241
222
188
171
166
223
250
219
834
793
832
794
938
743
899
791
1045
1018
818
828
716
787
789
638
590
606
407
405
448
424
352
376
329
326
357
405
351
326
366
319
370
377
324
448
327
355
324
305
337
300
323
332
304
366
362
313
329
417
359
375
378
416
319
352
338
380
408
456
338
363
412
431
342
428
354
425
365
397
404
395
322
367
327
445
347
360
334
411
343
367
356
396
334
353
367
336
356
364
387
352
351
373
361
343
469
484
481
471
346
329
424
377
368
466
370
410
406
336
471
434
357
448
417
466
427
398
470
701
740
798
849
768
795
753
840
791
735
748
706
794
779
782
815
738
748
3817
720
795
898
888
787
739
728
563
520
478
529
411
363
389
401
332
315
289
319
278
243
230
209
172
174
200
225
194
172
213
189
206
192
163
185
160
204
129
143
141
151
279
232
204
172
200
236
202
236
199
169
226
199
241
239
211
250
199
170
204
261
221
242
256
177
152
201
194
210
249
157
238
187
186
205
206
262
238
271
205
940
733
834
695
738
826
954
846
917
738
844
829
822
912
863
855
824
785
651
562
618
385
431
406
445
479
455
506
401
389
356
390
465
434
479
398
445
407
416
440
382
354
417
422
410
431
413
442
393
540
395
372
402
384
381
404
405
440
406
419
455
383
397
697
826
658
704
696
820
814
860
723
672
790
742
841
689
715
777
713
757
706
733
715
870
778
816
814
680
812
670
754
700
768
708
813
662
830
774
799
584
586
485
446
364
376
450
436
485
387
425
414
450
352
438
320
369
299
269
303
322
241
358
264
246
374
261
315
294
339
290
294
364
270
319
287
361
241
299
292
305
326
299
284
301
319
308
321
316
345
298
357
287
343
282
333
237
382
265
271
235
319
265
367
250
340
401
253
321
251
302
258
361
408
286
255
289
291
302
290
285
308
427
320
343
385
384
315
321
297
263
347
379
354
375
304
404
328
355
290
368
404
383
391
347
322
327
259
275
355
380
338
392
365
304
307
291
325
346
370
314
363
333
396
330
386
318
321
284
355
415
287
322
315
420
324
401
299
417
316
446
399
695
279
286
341
304
267
485
257
314
254
345
317
377
297
480
349
382
317
319
311
422
287
298
342
291
405
365
390
699
358
311
332
259
364
327
321
293
323
303
459
289
337
338
421
313
339
324
354
282
347
264
369
332
294
310
346
334
333
338
318
378
320
266
304
416
290
283
344
375
369
330
306
306
267
349
309
332
296
305
333
311
333
334
320
376
285
337
283
389
289
355
651
775
663
728
660
768
712
731
944
698
824
804
782
798
694
723
673
910
729
751
825
686
820
833
817
728
814
750
805
839
783
1030
676
623
449
399
506
393
368
421
499
384
301
311
828
836
875
828
837
836
771
832
624
519
626
408
425
375
294
295
304
374
436
349
425
442
338
403
308
336
411
457
388
359
278
335
332
331
334
325
378
408
289
318
400
380
379
305
310
353
311
240
311
335
347
337
362
334
382
308
442
352
349
354
315
340
318
376
344
364
313
361
342
319
345
318
354
396
329
262
335
260
245
217
201
202
296
219
273
267
205
249
224
266
202
187
172
173
186
173
208
211
211
760
797
737
897
631
802
828
709
801
795
689
724
681
536
616
539
440
451
500
445
312
401
359
335
315
343
318
363
322
301
305
304
264
326
253
303
311
301
335
293
355
298
298
302
249
318
326
627
321
309
302
338
347
274
273
408
322
306
375
310
268
244
259
291
341
288
347
277
304
348
275
326
805
281
297
334
284
309
296
230
334
270
290
281
267
302
284
261
385
313
264
260
267
239
238
308
304
309
302
311
326
276
380
284
287
290
274
291
298
280
360
292
338
247
361
382
327
274
337
280
292
338
283
335
290
252
332
258
309
309
367
294
264
293
368
256
883
828
851
721
771
863
968
723
959
810
965
756
979
812
874
729
785
708
782
777
910
821
783
884
702
705
575
595
623
600
590
531
626
554
597
537
507
588
546
554
566
541
579
485
559
487
510
477
509
430
398
329
460
295
395
291
257
219
213
300
255
314
287
270
281
233
230
254
234
302
273
227
278
200
233
267
262
255
281
207
231
252
212
207
268
192
288
264
270
245
216
213
231
216
287
245
255
238
210
269
262
290
357
295
338
234
257
218
261
255
262
265
272
227
231
199
180
238
208
196
203
227
266
167
277
391
168
255
158
286
198
171
252
229
232
209
257
234
278
180
240
226
250
275
183
254
205
360
224
162
262
240
193
152
189
179
176
169
174
229
171
263
252
264
296
248
192
158
214
170
165
173
201
173
196
180
207
242
202
172
211
166
206
264
203
232
211
218
177
175
174
182
148
196
209
196
152
213
202
175
180
220
184
228
164
196
244
208
169
163
259
171
235
175
242
198
194
248
230
230
157
191
204
178
155
243
229
155
277
159
258
144
219
146
261
157
317
213
196
667
784
647
763
697
715
831
850
841
724
803
717
889
929
799
803
703
767
804
841
904
850
796
867
816
774
611
551
633
416
474
345
385
347
292
346
357
338
379
347
314
355
292
337
410
320
316
360
386
349
309
499
328
335
327
269
309
342
382
334
367
347
361
406
380
339
347
410
340
365
316
318
393
374
400
405
393
438
376
349
367
411
396
355
323
418
302
680
640
633
761
622
701
796
972
787
2009
815
803
767
784
820
688
783
908
770
803
801
1015
832
845
751
772
850
783
783
793
781
744
734
790
667
757
811
737
758
750
756
699
684
808
684
839
804
780
704
684
871
698
722
808
834
695
838
675
1387
635
557
576
481
441
397
437
481
482
445
511
370
405
328
381
425
405
357
452
338
466
354
402
379
438
406
514
442
436
385
469
493
414
453
449
466
404
459
419
394
508
413
473
379
479
474
423
455
344
450
470
417
388
491
397
382
407
428
409
412
476
457
439
410
420
423
1152
422
904
416
441
451
427
431
386
425
465
460
442
484
387
455
514
415
463
373
456
385
512
389
447
477
432
451
437
395
364
395
375
407
455
331
333
508
354
455
361
468
479
450
472
438
426
496
427
488
436
496
443
384
454
441
478
415
398
525
435
481
406
472
463
789
579
562
415
439
490
435
459
435
451
423
402
511
431
377
434
371
407
415
480
444
428
373
450
391
458
390
451
443
373
415
484
393
488
375
418
675
825
676
818
671
814
816
814
1130
745
783
722
719
628
753
785
734
1353
616
550
573
488
552
467
406
311
319
332
314
315
256
308
308
241
336
244
250
273
242
246
229
238
214
211
284
271
277
228
220
255
292
241
236
272
293
251
220
311
206
252
233
243
321
250
212
265
227
217
310
224
312
257
326
314
199
223
777
775
781
761
749
750
719
799
741
684
826
738
801
868
748
855
802
851
851
879
884
599
559
547
483
483
468
316
367
322
455
323
329
328
342
228
276
248
264
236
260
710
792
691
779
680
731
777
848
791
779
719
861
693
721
992
778
610
727
767
699
728
743
831
826
568
583
524
447
395
463
389
444
413
309
344
354
309
417
305
360
328
361
353
295
319
296
330
456
358
326
375
338
384
377
307
404
385
745
293
319
397
333
386
363
317
301
298
302
296
320
358
372
312
337
311
354
379
389
309
399
452
320
291
343
358
385
314
320
305
767
317
303
413
366
309
367
358
366
354
300
326
291
346
302
346
303
337
309
306
684
664
772
720
740
737
758
838
848
820
841
826
847
795
829
803
739
733
800
702
919
894
838
666
565
553
554
518
524
580
554
539
678
577
552
556
610
558
540
534
573
629
556
496
563
551
510
519
517
585
491
554
617
535
955
400
409
269
375
309
331
345
404
284
309
350
333
345
330
352
1132
344
352
355
315
366
345
715
344
334
390
352
366
350
363
409
351
361
311
290
301
363
406
324
364
334
389
734
771
674
911
681
716
687
813
843
835
802
608
581
536
459
372
503
406
501
450
433
404
408
406
416
372
425
373
425
391
420
427
386
438
488
431
456
443
440
444
360
438
433
468
419
417
460
416
491
448
366
414
365
408
361
429
396
439
387
444
376
412
447
410
410
405
403
433
469
442
436
376
449
428
449
377
381
464
401
480
450
507
376
489
357
492
465
472
435
399
453
445
439
424
480
416
484
415
534
447
547
481
522
461
412
512
430
472
409
376
434
340
328
398
333
323
342
276
239
208
288
196
268
176
281
293
261
289
277
296
210
181
189
183
190
253
229
312
289
274
286
262
307
246
291
182
299
288
251
288
285
726
862
792
865
826
811
873
705
769
725
679
686
813
716
840
656
812
743
892
908
830
842
825
904
795
901
788
826
936
781
734
767
737
699
748
807
702
722
765
638
778
700
558
586
574
369
398
412
438
436
375
468
416
439
378
476
463
451
484
422
527
426
484
404
451
434
548
428
482
397
359
394
394
756
740
750
817
801
686
849
640
797
713
841
710
823
777
837
891
830
858
766
792
747
854
895
708
752
866
675
905
744
834
661
801
946
849
863
933
793
675
644
655
731
811
696
873
853
1174
864
714
720
621
560
565
576
542
532
398
390
453
497
341
347
354
326
308
280
255
296
256
270
338
269
304
298
157
230
281
173
183
188
154
231
173
167
154
241
170
197
164
164
133
134
194
256
172
169
144
196
189
179
273
218
351
220
188
239
216
188
232
210
212
203
190
167
159
179
290
220
185
277
2347
704
680
668
638
770
873
612
897
799
855
813
897
799
909
782
822
734
1080
1023
889
853
837
714
766
707
849
807
845
707
654
864
711
771
691
785
705
524
479
341
392
460
584
555
404
381
472
398
464
360
454
388
412
443
406
453
415
530
354
342
355
362
325
363
339
351
341
438
385
398
346
332
416
326
371
389
339
370
388
338
362
383
320
364
356
404
418
371
334
356
337
418
359
457
328
796
801
840
863
823
775
788
758
809
837
823
839
772
768
822
748
603
728
555
1079
559
594
557
572
570
543
639
659
555
600
490
474
499
582
582
543
486
402
380
299
296
352
399
286
269
260
286
665
227
279
271
290
239
289
248
211
280
260
228
261
239
203
293
237
276
247
274
254
239
322
226
618
294
306
314
253
256
268
331
261
329
220
303
216
248
295
261
231
278
206
720
616
699
771
674
683
673
838
760
862
761
822
769
917
619
865
925
800
895
805
821
1053
858
1504
802
792
828
738
724
868
817
852
719
783
779
777
783
825
781
853
787
795
777
818
806
812
823
884
721
707
786
589
535
507
437
415
461
358
364
398
402
323
324
311
310
341
372
395
381
329
317
327
315
400
393
426
487
419
349
320
378
813
793
964
764
876
758
947
814
848
848
703
743
576
608
630
466
399
451
370
327
324
312
321
307
374
225
224
261
247
227
309
239
742
829
763
876
776
824
774
856
797
818
563
610
598
466
527
465
493
524
436
474
462
420
426
474
390
459
453
424
449
394
461
387
437
426
440
444
429
435
422
494
427
494
405
418
439
421
382
340
456
456
458
588
417
396
351
419
404
459
439
397
443
507
506
463
483
420
573
455
448
406
457
449
389
450
440
402
445
497
421
436
430
437
430
459
458
453
410
385
404
386
472
488
436
512
415
443
445
465
529
411
968
441
830
738
890
641
759
633
893
812
1268
866
836
818
769
782
817
814
860
715
834
781
744
517
600
489
360
391
461
402
409
450
456
1347
393
419
390
381
420
444
502
415
371
458
381
458
356
486
392
380
352
430
451
449
442
452
457
376
503
403
409
420
392
447
450
401
444
467
381
454
532
516
459
464
499
468
407
461
437
443
421
410
517
480
500
414
453
446
961
459
407
422
479
461
506
424
378
413
401
372
314
299
387
285
265
304
276
265
254
225
182
221
209
260
188
185
196
182
290
192
178
202
214
261
231
239
267
260
211
231
225
243
209
242
302
244
222
312
211
294
183
203
238
234
217
191
188
193
239
190
197
313
252
211
249
256
265
223
509
243
198
220
163
219
184
226
271
228
235
225
288
186
265
186
298
234
385
207
312
296
213
237
199
240
256
229
235
263
249
191
325
283
236
243
219
228
206
235
205
247
290
290
299
202
227
241
182
258
219
271
227
191
223
216
238
200
206
201
238
190
310
271
267
1013
252
220
217
306
298
245
343
263
303
284
291
326
315
353
373
307
311
277
356
394
315
327
265
319
292
326
278
266
310
259
295
253
309
288
289
283
362
229
282
333
391
281
374
330
376
368
309
297
263
277
293
314
338
325
326
353
313
262
345
263
294
351
362
293
624
357
356
273
275
366
365
324
298
338
325
271
303
297
379
340
387
297
272
294
309
298
310
285
337
401
373
271
344
295
303
400
696
362
319
347
349
357
278
288
308
294
289
326
388
275
356
322
288
276
261
360
350
357
440
308
361
383
343
342
369
295
342
345
407
295
315
291
379
349
414
284
938
735
809
847
791
838
734
797
927
1383
766
760
693
620
725
673
790
782
833
682
775
751
869
709
849
742
794
806
833
759
876
742
749
833
666
877
820
816
662
840
794
759
765
873
794
846
828
886
697
988
753
713
561
550
485
440
440
445
337
296
343
288
356
339
384
378
345
395
356
396
348
406
373
358
358
292
364
372
375
327
337
327
345
304
345
291
329
311
319
335
331
316
385
293
336
261
314
320
312
280
393
361
316
353
371
343
421
339
351
419
343
423
423
306
367
327
314
282
318
307
350
272
372
334
455
360
365
364
401
359
319
328
320
487
342
389
371
349
376
340
472
333
344
401
308
306
269
325
308
262
391
264
284
300
365
358
370
321
389
426
349
375
394
434
388
392
397
853
803
794
816
790
871
862
2057
788
788
743
741
693
721
688
847
709
819
737
697
632
562
581
517
382
452
374
457
491
518
404
416
428
779
722
757
773
786
768
873
798
522
536
618
576
591
652
637
502
598
474
556
452
575
877
683
588
591
485
630
482
535
510
518
516
589
625
570
514
511
507
607
610
587
567
492
625
561
607
566
599
557
494
484
515
505
397
451
394
290
344
261
329
322
343
266
287
239
235
277
255
235
223
227
271
238
211
615
663
617
457
467
473
385
718
397
309
335
354
372
364
393
375
427
383
391
464
393
403
433
364
325
315
350
414
382
427
392
343
310
279
315
376
353
387
456
346
365
422
386
338
376
370
418
356
459
378
693
354
437
450
417
320
766
833
773
876
707
796
814
722
766
788
737
790
731
800
736
882
796
804
764
934
942
889
687
673
620
524
879
433
374
454
363
447
374
418
382
315
345
238
241
339
337
274
273
270
255
310
290
370
276
313
319
315
290
296
343
315
318
331
291
345
318
315
248
299
327
268
310
302
289
267
254
278
282
333
262
300
298
321
297
784
769
702
827
789
817
946
898
759
658
702
695
763
639
638
887
853
665
768
851
789
853
685
732
679
806
793
846
741
772
734
715
739
724
855
692
795
797
785
863
862
831
730
890
800
618
648
595
399
500
461
497
429
449
443
478
451
532
426
376
401
428
465
442
420
510
422
501
410
502
447
471
449
402
485
481
419
409
464
445
401
439
348
419
367
443
713
476
425
590
402
365
451
428
418
429
453
498
846
856
848
795
812
827
847
893
694
736
529
588
762
408
408
400
436
296
353
312
284
292
261
274
258
267
267
266
312
311
271
342
382
283
299
278
279
358
250
290
251
338
265
275
301
293
276
324
315
233
262
266
258
252
278
301
269
226
293
277
272
269
277
287
288
241
373
727
847
766
809
675
797
787
830
808
931
775
987
789
841
752
731
837
743
778
716
755
903
1300
733
819
880
789
844
734
748
678
767
830
836
770
891
785
777
808
755
797
783
801
656
622
623
748
386
871
391
307
312
364
295
361
327
373
369
302
337
327
295
403
317
344
381
400
301
405
304
421
400
304
379
314
329
378
304
304
278
321
315
301
354
356
380
418
315
310
344
302
381
315
439
334
460
350
398
328
386
356
382
306
693
380
424
367
795
785
801
786
765
823
833
901
801
862
723
787
835
806
744
805
830
837
886
752
764
689
823
710
812
741
738
736
659
803
771
803
754
722
897
771
790
762
828
491
548
528
435
452
386
328
352
435
342
298
302
312
262
268
361
337
326
366
293
251
321
255
266
359
302
268
300
301
298
255
265
316
243
324
260
395
274
368
234
375
348
362
282
375
245
310
276
278
270
278
252
742
850
852
826
806
686
810
829
909
761
838
709
774
800
727
807
712
795
686
730
840
550
623
574
413
433
388
1065
373
349
349
294
339
308
328
344
331
322
301
300
346
348
360
369
351
356
380
336
353
356
381
366
359
390
289
320
355
297
325
336
296
339
373
284
397
274
294
333
419
318
317
294
293
386
367
439
368
352
333
383
300
414
339
350
362
364
375
333
393
376
333
346
373
321
287
332
412
393
318
381
287
359
485
325
372
311
395
379
335
336
376
411
326
355
408
344
341
363
264
351
294
324
337
330
401
429
349
351
349
370
464
380
306
325
349
288
297
280
374
352
306
281
290
250
276
298
280
244
323
278
262
332
321
351
467
305
351
356
347
322
292
342
342
341
333
336
290
362
397
762
301
302
284
399
355
356
302
347
356
345
284
343
410
337
397
333
396
357
334
326
350
357
323
335
343
431
365
302
341
312
402
324
354
409
361
320
329
327
316
364
281
296
417
315
349
352
371
365
338
389
334
337
381
372
328
395
359
379
307
319
411
327
290
323
331
316
359
370
342
387
338
425
401
340
434
384
403
340
323
435
657
332
424
303
367
389
402
429
404
386
305
366
284
357
374
391
318
358
358
359
324
309
343
350
327
373
315
402
361
324
290
330
366
355
338
348
339
356
393
423
328
417
349
368
315
354
397
428
360
417
322
309
406
358
391
304
676
695
761
805
840
718
745
718
776
766
847
834
714
716
785
695
765
808
835
865
739
516
568
399
404
366
355
287
293
443
383
438
321
362
328
352
286
1346
383
290
286
287
325
760
810
757
726
680
692
821
732
746
742
667
770
834
766
743
801
692
754
679
656
764
664
825
979
756
771
731
804
866
620
552
575
478
445
448
573
672
642
517
503
468
379
420
628
505
488
470
412
501
474
429
537
400
502
515
406
498
480
416
416
652
766
666
700
830
743
635
723
634
740
637
739
915
836
729
770
731
812
759
743
849
667
613
625
633
479
550
480
575
485
549
471
502
533
517
650
589
703
601
832
540
647
947
750
997
969
864
778
709
876
1557
622
504
652
581
577
537
608
408
487
460
474
435
455
442
526
533
779
856
854
804
836
788
755
731
796
888
788
776
818
801
662
771
653
778
766
797
728
859
738
886
811
855
770
886
729
868
727
891
896
751
592
488
493
550
590
542
549
474
689
500
592
591
572
595
551
411
503
394
308
338
410
375
366
367
362
321
336
376
318
300
347
335
329
314
301
321
263
412
303
358
326
381
367
392
394
380
306
363
368
301
406
301
282
355
301
402
415
327
370
310
328
286
364
306
407
310
380
307
341
385
355
345
425
449
402
348
339
342
331
322
363
374
303
340
377
325
366
362
413
367
312
341
293
394
297
376
323
296
339
347
386
282
399
336
365
292
399
351
324
355
362
732
750
721
776
722
820
669
854
828
849
657
696
806
827
778
700
770
627
693
814
936
782
697
827
708
822
746
799
811
755
820
760
500
650
514
437
395
429
408
378
342
360
360
300
368
342
277
289
261
337
378
285
266
355
239
282
263
336
310
311
329
300
363
264
358
290
293
345
335
318
294
350
297
359
252
293
292
299
300
299
299
359
300
280
291
299
290
273
307
322
334
284
396
352
734
707
686
858
762
694
777
762
723
799
648
891
882
902
759
861
802
843
781
857
805
799
607
621
763
705
684
618
535
524
538
414
449
358
376
318
294
271
271
324
309
279
280
361
322
350
286
332
293
283
336
286
302
285
315
316
264
261
332
298
262
256
291
236
250
275
309
309
272
325
284
354
297
329
315
288
270
266
246
691
654
832
695
829
815
876
741
861
669
778
775
742
801
823
732
738
792
752
798
847
703
2156
763
825
738
719
679
696
953
804
760
743
759
477
661
527
434
390
437
366
417
397
266
330
279
366
275
303
343
235
269
241
229
232
319
206
240
224
431
225
232
203
270
204
328
242
252
288
227
245
198
214
171
245
209
321
268
285
305
768
797
699
894
682
677
632
859
855
819
708
630
809
788
794
700
815
683
756
674
845
634
608
474
572
553
536
612
629
528
544
530
1097
518
483
404
391
353
382
344
303
325
318
281
299
288
350
198
223
248
316
215
206
221
274
254
259
304
185
260
233
186
199
244
206
198
257
293
204
797
777
809
841
792
802
766
864
728
786
798
890
804
822
798
716
800
915
832
754
852
1117
619
749
625
483
456
482
356
371
327
397
307
298
356
337
751
807
795
749
731
704
585
517
644
620
584
578
637
631
583
471
482
567
601
540
540
610
639
629
582
526
501
538
572
584
604
434
394
432
312
319
410
318
288
388
415
363
359
340
405
390
307
351
342
296
354
368
339
333
357
364
297
353
301
336
340
327
304
367
410
369
310
453
337
348
344
333
343
1102
379
385
311
311
339
297
419
376
430
385
418
432
324
445
373
421
435
301
371
425
339
377
339
444
387
311
304
400
303
282
337
299
339
300
291
297
317
408
473
386
396
352
405
309
372
337
349
348
345
349
409
331
330
340
360
303
396
300
304
429
342
360
518
342
396
353
392
403
299
280
345
340
353
366
348
347
771
692
765
808
752
759
802
947
809
805
791
696
712
648
659
824
468
539
648
562
515
410
379
448
460
439
503
420
507
446
449
426
450
375
400
439
479
419
492
379
422
371
492
445
370
478
421
427
375
356
363
638
635
796
846
897
828
850
851
823
819
771
751
887
787
773
877
767
822
916
902
675
621
529
575
441
424
431
446
450
464
449
529
426
492
365
432
441
494
454
463
463
429
458
452
439
522
417
408
437
831
779
910
794
799
812
804
680
801
830
846
816
780
749
763
800
760
704
780
637
836
761
1043
892
792
699
708
667
725
666
793
766
1013
747
875
816
791
703
712
682
674
764
876
759
501
548
437
516
427
395
351
387
425
443
433
356
520
419
400
447
435
513
424
384
436
368
465
477
440
443
377
418
469
431
382
495
413
496
450
492
380
379
359
484
405
479
428
479
454
964
388
448
429
539
508
518
478
377
438
443
440
359
420
549
419
450
380
486
383
461
376
461
384
461
355
472
382
388
802
802
698
713
797
723
832
823
869
778
683
677
813
624
871
811
919
798
730
753
848
853
913
659
532
473
554
574
553
498
504
576
574
520
632
523
432
375
421
301
420
397
845
780
711
622
565
474
409
474
437
321
308
350
389
326
379
355
372
370
297
381
324
376
368
389
462
319
385
389
404
349
390
282
347
378
437
337
410
356
265
267
624
359
286
262
227
211
349
351
308
261
303
370
281
298
378
310
331
308
318
286
298
840
780
779
759
748
805
690
868
792
700
786
694
808
687
762
692
838
726
849
745
788
860
863
761
505
560
486
571
513
653
537
645
586
480
583
504
571
534
637
502
503
518
583
623
604
576
555
722
606
595
573
558
514
559
563
577
643
600
645
528
625
517
641
544
664
533
623
533
639
652
517
533
549
483
527
543
622
616
1748
609
668
534
536
648
600
494
456
429
423
485
437
478
385
958
429
938
423
525
1097
553
480
460
481
452
418
419
394
421
390
467
511
456
407
402
368
402
472
451
414
432
452
429
433
410
499
439
550
372
427
406
514
448
425
381
455
750
490
445
481
339
437
337
257
358
272
318
337
300
249
255
278
332
363
328
276
311
353
306
290
325
302
295
331
266
310
336
339
273
292
233
353
267
357
314
259
349
325
313
372
285
254
264
291
280
287
322
285
301
348
295
243
256
258
201
289
237
263
294
263
266
272
260
266
265
223
318
557
350
210
290
271
287
315
266
317
268
285
382
293
321
257
256
218
247
303
280
262
290
314
211
337
250
250
258
271
281
236
263
273
241
322
263
306
231
283
208
262
283
255
236
237
291
219
242
308
201
297
222
325
349
366
559
361
419
254
375
293
315
349
320
339
313
323
397
371
276
342
379
321
278
329
400
711
777
681
755
588
699
727
723
792
774
870
723
701
766
772
907
858
848
762
850
893
775
787
794
742
705
695
1003
817
786
668
852
682
845
668
1419
680
874
672
785
897
852
741
867
730
716
729
619
611
480
638
508
637
615
597
615
587
587
505
549
622
581
576
468
463
460
567
608
582
641
525
621
581
690
566
704
576
603
520
585
694
532
520
614
483
577
508
650
543
554
682
497
529
564
563
589
494
557
502
506
521
678
650
530
617
553
571
541
588
551
475
702
474
600
530
2484
532
578
609
582
474
490
472
424
626
570
1688
591
565
673
501
591
578
638
606
596
647
453
519
491
545
546
580
501
497
557
790
603
608
531
561
561
612
509
529
610
630
649
652
635
603
556
603
605
580
572
437
440
377
458
430
493
444
361
496
468
380
449
463
449
500
366
446
427
396
473
858
395
436
457
440
411
413
453
490
505
360
481
351
447
387
505
453
429
374
376
436
531
470
387
446
508
425
476
351
446
433
402
496
369
443
373
396
376
389
360
516
456
547
454
370
414
420
508
346
343
324
323
295
293
294
246
269
259
255
241
219
281
193
233
305
274
187
293
242
236
189
298
156
210
196
212
247
237
207
166
231
209
154
178
211
183
143
228
151
469
256
190
164
151
174
182
168
174
152
227
190
212
175
172
222
271
168
161
269
250
164
142
171
182
218
207
185
189
210
252
183
207
205
258
224
213
298
249
829
747
791
799
864
729
861
713
802
712
932
859
804
746
1324
748
721
787
861
876
768
744
857
704
796
941
570
497
579
430
592
398
354
357
363
314
289
333
309
260
509
329
240
210
227
198
236
171
225
176
207
155
179
144
157
187
157
229
204
177
177
205
269
209
235
224
218
190
162
181
279
238
208
209
210
457
204
1047
636
674
687
527
462
575
680
555
906
579
590
625
641
505
481
420
449
480
483
430
505
500
449
410
537
481
406
533
458
551
427
383
381
404
461
463
480
454
401
1315
489
471
379
390
488
472
501
486
512
452
530
494
384
507
491
576
473
493
387
397
402
441
407
377
411
461
512
482
425
463
513
520
472
409
393
354
595
459
434
393
534
387
410
497
401
485
407
487
648
515
501
495
497
462
442
440
495
423
469
472
461
422
385
375
375
325
263
337
297
550
213
264
623
592
524
470
435
444
420
502
455
480
438
497
464
483
475
504
459
476
514
510
471
528
488
448
459
515
433
473
439
439
407
406
353
447
501
504
390
489
395
406
499
481
541
454
412
512
389
435
463
549
425
388
453
500
403
523
377
536
513
476
564
524
457
424
436
487
465
513
432
500
461
480
485
498
412
498
421
440
394
449
394
487
396
620
507
487
501
452
454
390
401
427
506
522
396
507
518
519
442
554
448
465
460
446
416
469
385
452
356
450
361
442
370
432
471
458
461
413
489
463
456
467
455
492
456
469
468
499
596
497
435
490
425
469
420
484
430
534
485
505
441
471
440
435
472
449
529
403
460
424
470
486
489
413
415
419
409
480
405
502
471
509
455
517
447
421
476
530
478
485
408
464
419
435
470
406
473
405
458
411
1356
425
481
479
531
493
534
475
467
533
461
478
464
423
465
430
527
427
393
377
363
486
465
442
492
418
436
483
435
502
446
473
449
445
391
677
824
777
735
739
939
800
904
757
698
824
803
795
682
737
742
2395
807
473
1909
436
507
551
378
417
273
369
278
307
333
245
224
276
296
265
218
240
183
248
205
195
204
193
196
186
191
203
195
292
205
150
167
289
186
290
240
211
221
175
197
269
178
159
192
244
251
168
204
799
834
684
707
684
694
804
820
848
799
745
737
832
840
806
864
729
708
726
777
690
770
816
691
804
691
747
817
773
718
862
740
815
701
683
470
557
473
563
466
659
688
601
502
713
587
627
527
574
367
359
440
471
395
376
397
341
353
319
246
236
210
285
191
165
180
239
200
212
250
172
161
223
194
250
605
203
195
219
268
162
221
181
191
220
151
211
146
183
230
273
170
396
184
160
311
237
269
196
180
196
167
479
208
229
558
629
739
423
455
477
457
490
492
460
451
394
461
413
542
456
530
624
520
512
524
506
500
410
398
453
462
580
417
408
369
381
303
410
332
347
299
349
402
339
390
350
344
375
392
381
349
327
296
348
371
323
379
363
467
368
292
319
369
344
373
362
309
313
347
357
371
367
328
329
343
391
327
324
382
357
375
325
318
296
315
396
335
330
286
414
373
355
351
363
358
359
357
378
375
368
334
314
364
415
331
317
407
380
395
386
338
314
289
332
327
253
220
242
252
214
273
267
237
209
252
206
210
195
301
221
288
244
195
262
233
248
216
309
247
306
339
276
204
179
232
226
202
219
209
218
208
294
725
199
250
269
274
223
230
251
225
229
240
228
223
194
228
302
212
233
254
306
207
290
230
188
206
212
265
273
260
204
362
210
218
211
255
237
226
229
228
351
301
266
240
239
233
861
694
772
785
779
721
725
803
739
833
776
708
819
768
814
794
751
3433
793
745
742
686
819
705
850
693
887
680
827
805
642
635
546
378
429
439
433
360
427
441
436
356
384
481
472
432
420
459
391
372
418
432
484
380
442
358
452
577
484
438
503
451
511
422
548
421
455
438
498
401
459
375
336
374
469
446
439
520
812
813
726
725
824
827
1014
843
829
811
677
773
658
782
768
810
874
848
648
692
534
415
449
410
374
390
357
358
349
288
346
258
329
244
236
213
252
249
202
210
260
254
209
158
162
175
247
202
246
252
546
651
522
633
574
697
604
707
624
682
654
621
539
591
635
558
622
573
512
609
631
600
635
742
602
532
595
538
609
614
612
732
604
578
629
657
656
586
562
509
512
596
547
534
670
541
630
552
633
628
630
664
677
632
647
617
633
689
627
537
685
660
609
645
569
666
606
630
607
626
640
625
630
670
656
764
624
542
576
599
652
667
650
706
577
663
596
1580
607
620
669
619
564
662
625
677
618
668
691
619
595
756
655
537
632
612
612
583
585
684
574
670
611
570
565
660
596
512
553
507
569
512
691
535
684
617
707
556
630
616
610
530
584
570
633
617
782
632
659
632
588
597
671
669
582
619
638
647
688
566
565
625
567
607
561
652
523
687
803
653
818
734
639
482
605
416
492
493
511
494
512
534
397
380
408
401
336
258
252
224
263
221
288
207
272
245
259
198
234
251
818
233
244
173
179
204
247
207
196
224
203
222
272
260
223
167
295
171
203
219
196
257
221
163
147
158
177
203
219
247
233
224
223
241
221
294
241
248
230
208
181
201
204
219
165
290
744
724
750
785
677
666
686
691
784
788
786
822
764
1011
776
811
797
825
690
876
776
892
755
699
498
588
518
458
417
383
304
309
321
241
283
324
236
258
266
259
287
250
238
269
238
259
209
274
281
256
286
276
306
275
216
255
210
277
218
263
254
261
225
238
275
233
224
269
229
296
328
235
221
232
209
281
245
296
255
293
432
262
293
246
275
238
211
297
232
222
236
203
263
272
262
228
234
220
234
297
299
322
271
269
277
311
280
253
306
282
234
270
231
244
341
325
250
290
260
289
253
293
290
358
291
286
277
258
283
248
318
275
292
328
323
307
287
267
291
312
324
326
368
388
261
259
310
305
276
295
289
257
243
213
222
210
288
289
596
287
280
283
280
263
276
277
255
278
268
300
356
282
323
311
188
262
159
192
256
226
180
211
274
225
186
174
173
202
312
248
193
253
196
227
220
329
389
248
289
195
245
193
209
310
260
206
205
288
249
202
259
276
278
257
306
293
250
311
306
272
309
280
316
288
366
345
263
325
308
354
296
336
297
360
399
350
318
409
358
322
302
296
375
376
337
389
283
334
308
346
296
357
294
359
352
342
374
348
338
336
361
301
278
305
296
297
384
395
406
366
399
323
338
304
291
275
624
326
389
313
353
276
291
293
311
373
363
394
316
333
272
338
385
311
329
372
298
338
277
295
330
344
346
382
289
306
352
359
288
343
276
300
428
319
356
337
353
285
339
355
358
316
323
288
338
417
327
428
382
331
303
371
318
321
317
406
368
352
293
356
349
352
299
349
356
357
340
367
290
357
362
297
312
340
348
417
359
357
379
337
338
303
320
327
309
352
311
298
325
398
403
377
309
306
282
283
333
299
278
329
344
342
386
325
374
378
357
306
318
293
316
496
385
376
369
369
328
322
328
320
338
342
323
346
350
319
362
319
364
394
301
269
325
215
208
301
241
258
274
192
223
199
222
231
265
247
283
298
308
181
278
235
290
216
279
207
258
200
220
194
296
266
298
299
269
232
319
209
260
239
270
231
252
223
803
692
852
676
816
702
795
821
827
758
767
710
730
756
736
781
726
783
681
958
650
785
787
831
679
823
695
840
812
742
736
752
482
728
601
453
461
479
441
467
390
341
335
421
410
431
381
381
486
397
368
340
481
362
333
274
335
275
271
283
304
257
228
211
277
269
223
254
262
242
266
221
226
294
243
305
279
330
221
246
242
233
263
236
230
279
208
200
268
233
247
344
300
240
242
237
197
206
296
267
292
307
225
261
262
242
254
316
263
302
228
226
243
272
312
313
296
251
329
320
278
330
254
347
311
252
233
202
749
797
774
720
680
685
725
823
1379
685
800
834
673
801
664
715
700
804
849
796
832
857
727
712
511
586
490
578
489
513
429
467
445
444
303
364
304
261
337
375
328
341
300
305
284
310
325
322
325
326
259
313
257
211
223
272
301
278
298
280
304
263
389
311
283
301
309
258
805
780
708
760
692
743
661
751
844
1079
760
748
820
840
840
712
778
670
788
863
689
623
1617
538
621
494
571
557
646
539
635
543
591
519
602
591
709
514
836
822
771
766
774
762
721
738
704
815
882
908
770
462
602
543
377
520
534
441
352
380
314
240
311
332
688
606
262
291
246
219
253
307
248
217
304
233
268
269
288
240
251
260
292
224
326
232
290
367
303
257
283
252
283
255
222
269
269
262
280
222
307
303
362
238
527
234
323
226
212
248
253
273
326
237
243
288
228
296
307
267
233
251
233
235
246
202
221
265
237
317
276
262
268
210
263
284
328
234
234
184
294
250
287
271
308
286
275
286
292
289
319
316
240
296
214
253
250
288
232
270
266
297
223
233
277
288
304
334
272
227
202
272
239
267
242
343
260
664
314
262
201
249
222
318
273
231
214
298
236
249
239
256
292
292
222
314
221
303
266
326
276
335
218
281
195
327
290
232
253
241
285
330
317
213
280
241
259
279
279
209
234
229
822
296
299
323
283
212
270
237
273
224
294
270
198
259
626
683
617
833
711
800
792
806
890
811
703
753
656
936
715
822
724
810
613
766
743
819
775
721
742
696
777
701
814
877
801
839
689
624
566
446
494
453
452
463
470
527
493
542
370
381
325
323
269
303
298
245
252
226
250
238
168
310
284
193
287
204
167
164
193
159
306
215
904
163
169
230
217
217
285
195
178
406
364
258
187
856
732
776
777
801
695
968
852
857
726
816
740
801
897
948
781
755
737
824
831
784
521
539
623
485
486
422
484
497
447
430
416
397
412
377
501
391
426
340
399
435
470
443
408
415
483
510
446
367
775
749
776
710
636
798
778
853
756
834
734
796
751
803
795
650
683
693
683
585
749
754
679
596
439
439
400
411
536
428
419
507
444
471
435
470
442
502
524
416
494
370
443
430
332
314
431
343
437
360
399
341
388
387
325
330
292
291
297
361
347
384
336
371
418
421
348
359
363
419
351
301
364
431
443
731
317
353
404
427
415
340
289
338
412
400
327
320
364
295
401
681
763
815
769
734
799
780
770
804
758
843
917
731
742
692
803
807
739
782
770
768
798
746
820
811
945
978
576
612
368
455
458
259
388
383
315
326
334
263
238
225
280
328
296
247
212
334
208
263
224
206
258
208
200
171
226
201
282
256
169
218
243
217
210
193
249
215
171
210
214
213
230
163
286
218
224
215
202
206
203
189
227
182
138
178
218
194
208
187
241
288
182
182
173
187
215
187
266
167
220
236
276
189
168
219
179
215
202
174
223
294
209
181
202
216
195
316
207
244
250
298
278
343
248
317
256
201
330
176
201
917
782
949
775
688
767
857
707
779
755
742
1792
812
728
729
811
837
840
820
736
818
715
724
984
937
745
734
578
558
622
613
554
577
625
620
574
544
529
589
520
648
642
563
443
405
454
685
440
318
369
309
383
291
329
287
477
333
305
297
328
324
388
303
288
336
363
306
315
296
332
355
370
1186
378
276
404
296
347
265
396
345
408
359
377
381
431
404
315
346
298
332
404
410
387
396
350
290
304
411
438
402
368
350
400
350
314
458
431
421
345
323
366
313
357
442
435
447
313
282
347
352
344
296
359
277
419
331
401
352
341
360
295
388
263
347
276
375
330
354
371
392
469
356
306
307
357
312
361
327
274
383
305
320
404
468
392
300
336
311
365
405
364
421
425
304
377
351
301
332
307
396
335
379
276
352
351
359
346
358
439
422
316
372
375
396
314
366
387
411
327
338
399
375
292
354
397
334
301
315
393
378
354
392
353
443
336
418
328
416
366
355
362
385
361
362
372
284
347
355
354
314
344
366
417
354
331
284
319
367
425
342
355
388
319
333
370
395
420
331
312
304
421
363
393
317
303
333
307
404
324
362
388
342
338
333
344
340
326
340
359
318
365
355
364
340
283
302
341
854
767
874
660
806
779
811
803
777
767
837
692
1767
1137
838
911
769
813
807
807
851
816
817
572
569
598
486
546
599
591
596
544
594
562
559
488
562
552
542
622
563
611
525
498
542
545
571
719
418
488
529
706
595
493
514
548
530
663
528
471
375
549
354
407
358
419
399
439
475
469
412
358
477
440
466
477
383
394
426
460
439
453
458
1850
484
443
435
503
474
477
413
354
463
481
462
377
427
377
450
476
375
393
372
376
510
497
474
371
445
489
377
441
432
433
363
419
390
376
389
368
472
553
489
377
402
436
429
418
455
519
400
417
684
818
753
840
738
861
808
1069
923
1720
546
604
582
428
393
418
325
402
375
327
328
342
434
411
390
378
411
373
366
372
359
410
371
409
359
396
413
293
414
341
415
349
372
418
320
364
333
298
391
363
376
322
320
360
306
350
389
315
298
331
303
319
394
297
467
437
328
348
341
352
331
304
368
418
340
302
374
321
331
314
342
387
427
295
405
385
303
347
346
333
406
431
401
345
303
336
323
293
292
375
372
657
347
301
318
362
393
363
393
321
343
326
388
330
498
319
394
393
340
400
346
343
345
322
355
393
360
320
380
300
348
435
319
335
296
353
319
278
319
420
296
372
362
343
352
377
322
365
440
364
329
392
345
341
381
299
306
336
1154
425
360
386
296
283
301
314
297
294
229
242
251
265
360
293
199
259
273
4429
1978
284
4756
345
454
243
205
350
198
162
422
226
205
222
296
239
251
230
217
220
213
179
227
270
217
200
151
186
272
197
236
195
195
177
221
195
188
249
150
224
140
710
683
694
849
867
759
849
784
831
763
751
777
839
749
767
880
766
866
626
587
539
616
520
702
488
493
647
521
606
560
591
582
578
2067
582
473
530
488
483
490
560
459
596
592
637
524
631
548
629
499
523
503
482
479
433
537
526
462
488
502
301
369
431
342
321
310
331
315
419
409
374
364
299
354
282
393
405
362
405
400
399
409
382
414
397
415
381
367
324
388
358
356
360
407
366
398
376
385
379
366
801
824
819
837
762
811
779
847
754
992
799
841
830
603
562
536
424
380
409
328
313
346
330
331
372
305
300
269
373
377
357
294
347
365
336
397
381
343
322
363
749
762
734
672
686
755
765
781
646
702
1075
676
617
764
865
854
494
486
652
373
515
534
406
512
380
380
477
382
458
370
391
405
478
514
408
372
345
437
411
449
490
449
498
422
470
445
444
450
463
849
493
379
450
447
455
363
400
369
451
420
463
389
361
345
338
500
443
382
470
375
472
375
413
322
395
451
469
385
571
433
495
489
485
382
408
358
469
495
507
425
477
359
426
364
456
350
434
359
440
347
370
425
431
394
377
354
381
452
386
482
382
385
378
420
478
495
374
507
356
500
376
484
369
458
384
530
479
502
419
406
437
340
458
404
464
459
499
458
467
444
502
447
385
440
443
395
422
439
347
466
507
490
461
491
451
475
397
432
375
426
370
423
368
393
353
421
391
487
405
475
375
507
489
478
448
440
512
462
490
417
403
553
1359
395
476
448
418
728
880
835
738
700
791
747
792
682
815
829
709
733
786
755
854
594
587
515
381
473
400
274
345
811
303
327
350
308
372
331
347
367
316
890
312
314
388
343
355
398
434
271
320
250
355
321
272
304
287
245
248
263
212
242
233
249
219
402
258
231
238
181
187
159
289
198
217
251
228
234
209
262
269
226
233
175
164
152
246
428
204
189
267
189
233
193
185
222
273
208
184
201
219
252
206
237
291
296
225
210
289
199
233
203
174
277
189
230
211
297
219
298
242
227
259
182
235
250
232
232
263
246
213
267
228
236
392
294
238
288
228
244
347
234
257
201
163
214
251
183
204
202
228
207
488
234
247
206
242
180
258
248
232
226
194
204
213
264
285
272
216
241
218
160
174
202
202
232
189
259
298
254
225
189
186
257
307
239
215
335
219
229
187
204
205
240
235
208
319
216
206
236
173
244
235
225
201
436
225
214
207
207
287
216
320
279
253
221
219
252
199
206
220
197
250
252
232
272
588
211
248
221
228
218
238
233
254
207
299
186
212
210
317
244
195
214
208
187
216
251
215
208
267
193
216
254
702
242
194
187
221
194
297
169
243
204
236
223
195
267
251
248
236
185
197
330
188
201
240
227
258
222
221
229
348
228
235
176
193
203
198
176
234
158
202
191
203
257
184
221
307
218
196
279
233
200
206
219
220
250
263
200
258
286
233
234
250
211
280
309
244
222
249
233
280
366
166
254
238
228
254
213
218
161
242
215
250
212
223
291
312
239
291
206
230
241
247
214
240
209
202
211
233
249
225
219
225
264
275
205
204
231
210
215
235
249
190
236
216
292
272
228
188
215
206
216
200
228
296
216
221
192
196
176
200
201
222
217
262
233
205
271
192
180
228
209
203
184
203
267
249
210
290
224
251
187
160
182
271
231
197
271
233
251
297
203
278
257
221
203
208
261
229
178
246
244
199
212
217
218
238
172
178
201
290
282
203
209
207
184
201
223
175
289
208
173
221
146
158
164
173
194
196
277
299
216
257
304
174
192
168
152
230
151
231
343
226
181
231
751
905
828
794
795
854
764
775
1827
1060
846
842
677
805
817
763
856
769
1126
686
723
769
806
837
753
905
770
950
701
868
889
833
945
906
797
623
622
585
462
422
475
365
428
364
420
522
478
408
487
389
476
409
400
450
480
397
470
470
455
471
333
448
559
516
434
379
371
375
354
330
453
305
322
377
321
310
251
270
278
276
321
324
264
278
323
318
330
231
218
209
306
304
317
311
311
227
240
207
282
226
255
269
298
238
251
242
262
314
323
253
296
211
194
249
195
302
251
263
318
292
234
294
312
255
235
261
219
258
225
245
252
317
318
285
361
259
321
226
302
259
295
270
299
224
212
282
315
238
326
229
271
248
228
223
303
245
264
304
251
239
252
278
220
224
226
222
339
251
232
222
223
211
298
283
271
256
218
202
293
211
271
220
284
241
244
229
255
222
309
245
270
239
223
416
237
211
222
285
235
221
268
251
268
232
318
267
323
329
305
304
287
289
284
281
288
323
300
222
791
655
753
688
786
635
764
793
744
992
763
676
774
735
765
709
736
662
731
663
733
844
1070
867
681
699
712
713
842
828
731
868
732
607
586
416
408
545
428
432
493
465
407
546
393
512
390
483
391
464
399
457
478
450
441
431
447
1960
446
409
428
385
383
441
465
486
455
373
442
481
426
376
395
423
443
410
407
368
427
484
370
381
383
496
443
504
480
468
469
363
337
446
444
439
442
447
481
515
525
438
405
392
452
481
434
437
430
433
452
497
461
390
403
463
887
487
439
460
437
378
430
443
