559
601
431
539
584
532
559
555
542
520
357
186
148
213
295
237
226
256
154
293
147
226
222
181
171
156
217
159
201
177
198
127
167
134
165
188
197
138
181
140
176
208
151
142
118
140
138
151
171
164
147
164
115
122
136
119
152
117
142
153
162
152
184
142
118
160
130
117
195
169
201
211
161
122
123
117
106
106
95
102
139
230
173
221
229
151
124
159
158
155
151
167
174
163
132
118
105
157
171
137
110
180
100
132
187
131
132
132
112
128
171
257
201
171
152
137
130
124
121
108
142
124
155
200
140
136
185
132
132
113
125
109
206
142
148
169
191
199
150
188
158
177
133
230
171
125
201
160
192
235
245
195
241
222
225
197
169
249
259
171
192
169
134
123
163
157
183
151
189
170
191
240
179
194
244
222
155
157
227
157
237
148
161
224
198
173
182
233
189
239
192
200
213
181
200
164
154
214
151
211
134
210
167
228
151
210
206
206
219
215
243
222
250
218
171
207
164
209
163
225
229
230
210
254
230
293
219
240
212
232
208
208
211
216
198
189
199
222
199
206
197
191
200
192
195
217
188
205
202
234
197
212
201
195
242
175
219
206
250
269
295
292
650
707
687
710
659
712
686
639
701
681
755
550
498
596
415
353
399
431
372
376
401
407
386
394
392
416
364
323
386
397
388
385
360
300
365
304
387
682
704
730
728
749
786
731
743
752
722
677
680
684
652
702
769
566
687
578
777
528
667
615
752
657
641
664
722
575
643
556
503
445
452
345
369
355
297
284
276
303
218
261
250
237
222
226
219
194
230
224
224
164
210
169
196
179
194
198
144
220
161
186
222
186
193
156
172
239
233
214
226
217
223
214
192
148
197
245
165
201
179
178
174
168
181
122
141
126
159
124
184
242
190
138
142
115
181
129
160
137
143
158
154
188
148
179
610
625
527
512
565
502
599
559
603
708
713
701
683
587
696
615
611
566
562
545
554
552
657
581
713
719
481
534
481
385
307
372
417
368
409
384
401
407
467
379
441
391
332
397
402
403
443
368
427
378
384
371
388
381
427
370
347
299
319
230
288
219
300
235
216
185
218
142
259
132
215
139
224
223
242
200
217
200
155
172
207
232
188
216
294
164
126
199
219
170
269
196
212
175
175
192
226
186
259
166
260
158
224
158
322
166
255
154
193
204
228
248
163
235
214
239
148
208
175
161
273
181
171
190
234
217
148
226
228
188
230
217
684
654
619
654
590
705
680
704
700
747
721
681
703
842
633
690
628
661
660
716
645
856
716
683
684
475
462
441
343
392
322
270
299
298
276
1679
322
278
224
162
225
448
475
528
342
356
478
397
314
330
287
237
295
232
277
210
284
248
186
158
274
260
195
317
228
129
481
565
616
589
533
561
403
472
358
463
334
318
271
295
231
263
225
268
195
251
215
232
214
239
181
218
200
249
253
251
218
235
211
229
571
614
649
658
658
653
621
627
658
630
665
555
657
559
538
512
522
534
445
429
384
399
305
373
315
242
388
259
285
190
268
187
276
168
220
175
223
166
149
226
175
224
154
264
156
213
151
164
595
745
665
680
676
643
491
466
486
333
415
435
430
353
355
342
383
337
387
407
385
419
353
353
295
362
438
391
450
351
276
288
336
244
229
238
230
235
233
204
243
246
184
244
213
203
299
228
244
241
291
187
251
205
233
249
178
149
199
185
185
173
194
216
208
249
243
267
190
227
209
272
252
212
207
182
211
210
191
191
198
181
161
155
152
147
199
167
258
218
234
179
232
182
208
217
255
153
265
262
198
219
204
188
216
187
207
214
188
195
242
212
219
201
272
164
190
200
177
141
148
192
169
170
193
230
173
169
238
182
239
161
196
155
210
154
187
168
147
153
193
174
184
190
210
177
196
130
258
199
175
149
196
165
241
214
152
173
152
196
130
292
244
240
183
171
160
289
171
255
208
172
216
152
183
212
189
298
176
244
221
216
261
185
212
179
280
193
278
203
189
287
231
188
156
167
175
225
183
274
167
156
274
169
267
269
255
272
259
249
269
256
248
247
250
236
187
152
184
288
169
233
167
274
221
269
232
241
271
232
184
225
254
210
209
204
191
203
171
174
236
275
198
278
197
239
211
212
157
181
186
216
189
239
225
211
658
720
582
615
626
697
616
646
601
659
703
707
726
678
676
643
686
551
721
728
737
729
722
2244
503
487
401
410
347
372
364
346
320
252
352
263
338
334
338
283
289
246
387
303
304
288
275
295
291
246
262
227
268
216
259
245
223
215
255
204
285
289
256
657
264
277
294
318
325
354
290
342
279
292
713
360
262
300
263
302
254
279
252
253
253
313
252
294
220
268
222
299
316
246
312
253
289
307
380
252
346
268
301
255
244
245
321
242
328
270
348
217
332
327
366
382
367
252
378
378
372
278
358
284
398
279
406
294
424
291
359
393
381
382
364
360
350
341
306
346
688
568
677
671
776
784
750
635
649
716
722
713
591
720
720
620
783
716
664
544
549
424
354
263
293
336
275
262
289
383
269
274
265
268
255
308
318
267
341
265
321
264
323
250
242
298
208
309
253
266
292
357
325
417
331
275
317
255
306
377
320
274
294
352
389
284
239
283
401
268
328
332
397
283
301
320
269
336
266
294
238
314
275
264
257
343
232
332
330
312
344
253
363
374
297
298
320
304
263
266
288
257
345
333
251
244
241
244
248
326
378
287
337
248
287
258
320
208
298
282
254
400
324
311
321
323
354
340
277
260
347
353
329
258
311
268
362
266
321
270
292
278
278
256
339
282
281
258
284
224
284
252
252
282
262
298
305
331
281
333
285
280
275
265
311
232
284
313
274
251
315
291
291
286
299
267
299
334
253
309
279
258
291
263
217
371
275
391
274
311
305
374
310
353
254
254
397
340
604
696
579
695
536
554
510
565
524
565
712
663
574
688
658
661
651
677
776
675
682
757
629
643
656
738
563
533
699
701
715
625
527
515
304
351
449
378
256
207
363
378
355
374
378
332
292
321
253
323
350
327
279
351
319
372
373
332
377
304
274
310
296
319
246
284
302
210
305
633
658
689
656
769
822
652
778
604
788
649
805
763
638
414
515
518
497
536
397
562
612
522
490
527
525
464
501
491
423
329
405
381
417
334
429
370
400
319
330
416
326
432
316
382
306
350
324
383
464
358
399
420
370
400
350
364
276
373
296
389
350
391
326
447
307
330
310
266
365
351
406
371
379
413
360
329
374
415
417
358
445
405
364
317
323
449
320
341
372
445
424
419
468
414
445
376
486
434
396
434
404
331
441
302
443
361
361
408
317
418
269
355
268
346
245
439
458
475
322
358
324
349
321
451
381
278
357
320
405
415
1191
394
364
350
442
404
406
395
410
371
445
295
388
310
379
266
371
396
418
284
288
238
247
261
293
297
210
206
161
223
182
284
297
205
222
210
234
183
258
273
207
231
266
205
195
191
225
286
251
296
285
291
290
205
187
253
211
230
162
154
188
161
203
163
157
251
204
245
246
275
182
208
246
156
160
217
203
278
188
308
260
314
256
252
255
259
304
305
310
233
354
360
398
318
415
372
326
355
388
314
319
329
393
460
455
368
335
470
466
409
414
431
403
424
388
354
319
418
386
362
309
394
348
324
335
419
332
431
375
369
470
317
386
348
352
331
338
301
303
365
391
427
333
394
314
425
377
411
310
419
349
422
331
325
329
424
326
381
575
791
611
821
578
694
800
603
667
429
516
517
349
347
356
290
371
422
530
567
547
716
556
742
769
868
698
695
691
718
547
743
540
652
680
679
659
577
853
671
557
479
411
443
427
475
490
381
387
390
274
340
319
380
282
288
258
291
223
255
273
221
265
233
259
221
267
216
592
672
633
653
620
647
536
648
711
720
606
596
601
653
459
444
576
346
368
365
332
289
280
253
266
314
243
413
234
352
340
399
297
312
308
827
328
288
246
384
239
348
284
297
361
559
748
549
710
529
827
535
430
599
804
315
307
361
239
381
246
280
209
305
175
270
172
224
256
258
245
257
210
257
230
588
533
701
507
772
610
582
490
562
366
315
466
258
391
330
337
287
352
238
193
235
274
203
282
228
304
202
240
258
316
284
215
199
322
266
194
211
243
200
264
266
248
289
216
214
232
291
235
304
239
270
291
223
258
258
249
211
210
218
209
182
175
208
203
463
456
537
507
519
482
437
367
362
361
255
254
232
397
367
326
261
288
292
286
309
227
276
178
285
271
287
281
198
200
273
274
224
287
233
275
243
319
218
289
247
220
243
192
192
289
192
192
214
316
221
341
256
248
227
197
204
239
239
259
318
282
266
228
339
229
273
302
272
271
257
276
286
294
222
284
251
181
312
185
207
175
315
189
238
192
287
193
192
191
303
356
272
282
343
257
312
229
310
193
289
356
262
266
279
328
234
332
274
210
270
202
231
230
283
218
224
270
262
181
240
217
209
259
236
350
218
282
336
283
198
247
320
238
313
271
243
280
348
218
242
316
292
339
302
305
303
297
352
363
312
279
208
255
175
263
240
276
211
212
300
269
212
327
297
347
321
318
534
703
727
713
706
702
715
711
653
765
590
618
487
507
489
519
552
726
678
717
727
708
705
704
590
500
437
469
523
406
578
537
369
485
321
301
250
304
379
242
304
312
252
349
390
361
261
359
334
318
329
721
308
372
238
356
243
286
376
253
296
360
333
286
335
244
396
273
267
270
369
290
392
250
236
236
227
628
615
481
585
550
627
610
619
576
620
610
638
639
643
835
452
591
460
344
367
434
392
385
318
244
332
333
257
603
288
297
702
741
674
798
687
691
607
624
594
366
393
381
352
257
237
302
331
306
244
302
359
283
310
344
256
331
223
220
349
331
322
254
392
321
395
359
404
369
342
322
348
238
407
629
846
679
728
635
596
627
550
604
406
469
402
390
315
465
300
343
285
465
325
458
327
477
290
464
315
436
299
307
343
336
284
240
284
212
235
221
199
195
295
240
290
243
301
205
243
270
301
197
306
191
293
323
204
241
288
200
304
205
298
227
282
242
218
244
300
246
225
231
272
281
212
278
188
224
307
173
303
251
239
703
370
352
312
390
300
1063
292
263
248
278
320
193
193
322
218
373
196
251
251
270
306
348
206
307
804
596
778
577
821
774
594
768
633
632
710
452
582
504
447
342
484
323
280
296
226
255
199
236
291
302
210
279
604
765
738
824
632
801
647
563
597
757
760
669
623
813
674
769
609
917
729
516
621
505
298
356
308
372
238
352
258
340
245
318
256
375
302
269
280
376
266
345
271
326
321
454
341
264
266
364
312
328
374
447
390
335
266
322
316
315
296
319
288
268
236
251
306
402
268
284
248
242
331
220
267
332
284
347
220
334
353
280
310
306
327
274
358
491
252
324
227
331
220
332
267
275
251
355
268
250
340
255
330
372
415
394
340
274
234
286
347
261
391
241
346
287
188
287
208
199
216
307
165
251
237
239
177
285
163
303
197
233
261
220
220
222
185
219
190
173
296
229
275
274
228
304
271
212
258
187
196
202
205
179
309
180
157
254
184
298
171
241
218
206
233
271
237
226
208
288
238
179
220
228
202
238
220
266
190
228
240
286
276
255
258
255
189
176
182
239
180
241
250
262
179
208
246
643
175
315
202
215
193
210
218
275
209
233
203
338
207
298
430
251
208
257
193
275
286
217
310
223
214
321
195
305
260
242
269
279
254
236
276
763
764
636
560
670
604
740
617
598
575
649
808
702
802
580
770
769
820
576
756
589
812
864
706
650
552
667
504
631
518
586
494
641
496
383
324
362
388
498
317
456
322
323
312
426
308
426
279
418
276
306
321
450
416
331
318
328
407
392
276
241
407
411
338
374
401
299
291
249
328
428
251
353
427
392
371
298
304
330
404
253
417
222
336
352
642
407
369
446
343
346
596
364
348
345
378
315
330
352
261
380
594
344
423
413
437
293
578
261
237
278
235
271
231
262
356
422
414
226
229
264
237
279
239
369
307
250
394
308
418
247
405
255
375
390
252
293
279
250
257
414
255
336
376
362
424
290
388
280
291
291
282
271
316
363
354
391
349
343
275
372
363
357
347
287
309
262
773
320
307
429
414
301
417
298
324
312
383
678
609
681
813
718
808
753
807
1054
615
618
782
760
544
663
854
666
661
592
559
591
487
311
457
286
682
468
620
473
447
440
590
428
504
467
595
567
560
327
451
317
388
334
418
361
351
295
351
258
364
355
301
385
323
235
224
371
358
214
284
240
224
239
308
226
225
246
240
308
277
311
293
338
309
329
246
383
254
281
228
319
289
287
322
208
296
228
250
223
254
212
224
307
233
225
219
230
234
355
201
332
269
236
298
313
229
236
211
298
353
247
228
381
296
358
221
389
379
327
265
379
312
212
220
224
238
370
252
312
412
362
498
336
388
298
432
324
289
322
412
299
462
299
477
272
272
405
428
354
431
339
464
303
471
320
318
453
308
311
382
249
384
267
326
296
384
369
477
349
480
431
292
471
298
300
290
285
274
287
272
399
328
296
487
357
336
272
256
435
327
433
308
417
329
449
297
324
292
275
296
265
436
321
470
325
443
408
439
263
336
271
303
265
303
287
324
278
289
330
385
392
341
465
259
403
266
403
282
415
353
385
454
467
416
277
483
436
425
422
413
447
526
304
313
321
437
587
632
772
816
811
840
672
642
510
562
405
578
473
310
348
413
415
359
311
209
232
329
272
236
262
252
239
261
177
222
204
186
179
171
194
250
190
180
183
190
311
193
179
296
199
190
179
272
185
180
258
250
858
860
615
733
793
614
561
592
535
616
517
892
565
844
663
623
600
620
811
867
809
600
756
762
680
684
714
444
564
537
448
448
332
399
391
503
360
380
231
262
259
217
297
317
940
593
912
697
642
821
534
754
588
817
540
854
689
762
645
596
543
863
551
537
402
472
362
455
467
631
386
302
371
382
261
225
262
337
266
242
256
411
399
396
423
367
418
416
267
390
368
422
278
310
259
310
265
575
596
567
542
568
823
649
685
519
747
490
803
542
535
823
669
585
575
612
836
511
620
410
502
452
372
403
296
238
267
665
436
435
321
429
300
347
375
248
252
295
544
334
308
406
276
381
317
408
286
414
310
290
314
416
336
402
311
387
316
400
320
371
365
272
246
223
248
416
290
282
389
269
447
298
433
289
292
357
434
289
446
313
300
267
277
292
272
232
285
235
343
232
249
307
231
350
239
366
315
224
344
189
227
215
347
267
312
286
288
282
256
245
344
182
353
196
216
214
724
308
202
484
197
174
187
195
215
217
190
208
227
188
165
292
195
297
444
377
337
261
164
164
199
195
196
193
177
220
150
209
127
209
194
116
122
274
165
236
151
164
142
182
131
209
228
245
168
130
174
174
584
584
908
582
599
574
832
649
858
676
759
685
652
659
622
705
798
655
578
440
521
327
428
250
217
257
370
280
390
309
392
344
350
422
392
361
314
308
266
308
236
335
256
266
419
313
421
691
587
698
522
739
682
711
697
673
1869
1584
648
851
702
657
613
548
534
546
518
588
521
833
840
546
402
530
411
435
444
417
253
259
354
310
193
198
180
205
212
222
329
222
354
243
247
204
201
237
219
181
212
304
277
209
202
286
204
294
206
200
247
295
205
283
287
230
176
188
287
256
294
195
219
270
247
308
195
295
308
204
204
289
286
291
281
306
284
278
287
237
212
201
323
360
369
303
308
287
363
265
336
229
321
222
417
265
301
210
323
212
567
549
815
561
886
532
780
565
800
572
634
726
421
435
522
450
527
334
288
312
339
273
250
212
281
170
206
554
196
168
241
302
204
298
170
181
272
149
145
214
222
214
194
150
147
137
146
203
160
254
150
195
268
261
171
153
194
196
194
152
143
264
203
150
138
207
150
108
201
257
225
195
150
179
146
161
160
267
212
203
347
150
305
170
273
153
202
241
164
207
207
186
191
205
203
143
190
165
225
156
199
188
187
221
201
203
187
205
186
214
202
245
219
203
186
231
220
286
568
654
579
791
596
653
540
637
592
625
574
620
567
544
680
571
607
568
681
879
677
871
689
623
663
635
562
618
345
395
466
630
472
286
442
277
307
436
285
384
225
352
419
262
352
267
311
343
309
207
236
206
235
226
282
313
239
307
453
334
429
312
439
314
247
307
425
282
419
342
436
325
290
306
412
310
426
296
300
294
250
288
345
260
230
221
299
240
405
279
289
245
246
325
328
313
846
280
283
260
249
371
290
275
254
227
279
296
254
262
436
340
453
421
427
298
431
323
431
344
382
460
322
236
262
246
353
241
448
325
417
264
249
600
597
851
556
560
572
569
538
650
576
720
644
633
813
610
786
798
678
447
575
633
422
609
370
424
385
440
367
455
393
450
393
430
298
379
358
437
235
430
259
292
286
271
290
277
247
216
317
370
281
439
429
317
275
378
425
436
294
385
395
423
275
367
385
411
393
401
395
253
255
340
225
397
254
402
225
229
261
270
213
320
205
337
196
350
260
254
254
352
240
382
278
282
388
271
277
272
226
309
332
280
230
254
325
281
267
363
407
293
432
362
260
252
239
224
228
254
235
269
443
273
286
234
324
277
291
242
400
234
462
223
349
362
368
261
325
264
261
385
323
374
362
362
378
377
260
286
217
335
219
325
205
249
212
250
235
235
236
243
242
235
386
268
405
266
349
393
442
351
386
452
418
259
406
389
272
328
371
317
367
252
393
273
415
228
353
223
291
258
395
260
390
449
452
357
391
276
233
243
332
308
424
296
266
274
249
233
236
306
246
393
255
463
230
262
420
263
264
256
250
299
295
362
363
369
368
276
311
295
382
351
436
269
428
268
418
426
282
298
227
408
254
276
252
291
477
301
262
269
292
234
417
256
436
256
256
278
233
243
226
256
254
467
263
256
271
338
237
251
287
308
430
375
356
262
290
259
261
381
254
414
284
261
370
210
250
171
313
328
217
263
188
187
269
190
284
174
151
223
179
648
765
604
632
1157
646
574
936
954
809
848
923
578
917
612
901
592
771
601
672
586
853
846
499
695
859
839
788
810
802
818
814
831
863
562
355
511
614
427
589
611
518
514
445
515
439
384
623
409
610
588
612
593
590
602
412
584
600
441
601
594
602
541
286
487
248
381
432
226
339
308
338
378
330
366
577
620
588
524
573
759
886
793
855
809
852
813
957
581
759
812
706
614
559
404
622
412
503
421
332
273
262
225
238
203
293
245
260
222
234
200
305
306
384
241
305
263
453
273
435
255
377
253
410
213
391
384
326
275
311
246
377
420
443
406
368
395
439
400
395
331
435
444
293
451
406
356
373
358
363
383
261
359
361
250
281
377
319
370
295
371
228
246
406
248
231
229
442
227
239
272
263
286
241
608
569
855
542
615
819
583
855
866
859
670
733
580
679
545
906
726
790
886
919
885
765
687
473
589
431
475
386
464
251
292
202
230
311
341
169
273
165
258
205
227
165
247
150
145
146
195
201
365
294
166
144
235
231
301
247
240
303
311
220
349
246
594
427
194
260
280
149
167
157
300
239
906
632
877
531
899
645
884
886
890
897
608
836
895
422
514
477
313
342
505
567
245
375
420
384
287
389
245
239
393
258
186
211
214
175
215
338
298
470
215
355
239
193
231
335
193
343
241
291
261
398
233
351
236
217
253
275
215
473
280
370
259
351
248
346
374
208
376
201
283
263
246
213
656
283
217
432
227
296
313
316
345
313
266
317
305
309
266
309
242
270
242
360
329
318
382
292
384
317
391
250
210
351
265
392
411
230
256
335
227
302
232
375
222
293
224
317
299
216
222
297
289
437
269
348
326
334
179
286
179
273
162
312
309
303
312
250
358
429
255
201
323
201
198
378
199
373
207
317
339
223
228
324
452
422
456
352
204
382
215
207
389
379
269
334
231
346
255
371
432
284
233
400
290
299
316
339
297
310
325
240
328
310
324
293
247
434
238
336
335
232
360
564
730
908
682
910
600
1009
607
904
630
1049
527
532
629
505
375
766
286
251
284
307
282
247
308
279
246
285
275
206
234
224
195
275
200
227
172
236
248
173
168
198
130
151
206
108
226
280
237
214
163
206
253
169
244
147
145
139
243
184
248
249
234
838
946
705
582
672
696
730
671
651
626
579
392
413
401
329
348
318
321
256
250
395
244
209
366
341
204
330
234
314
379
320
308
210
323
218
261
260
239
247
215
215
322
213
325
254
246
204
218
348
244
315
313
321
288
300
168
373
223
188
605
218
210
218
234
391
289
342
422
316
276
313
212
311
188
352
224
349
320
240
266
230
238
330
231
342
395
237
248
196
201
357
241
209
315
331
209
304
234
195
332
227
263
241
374
305
354
222
300
346
271
359
309
218
253
226
214
342
212
344
310
383
268
370
326
244
386
257
349
380
217
220
360
268
334
259
313
251
222
263
217
282
238
265
230
275
242
267
290
291
418
243
197
214
180
230
202
232
236
279
246
275
219
230
243
209
331
351
390
330
386
233
365
195
207
218
340
209
360
236
388
240
298
271
197
266
300
268
205
285
278
435
303
217
204
315
214
286
365
225
339
224
337
204
204
244
225
220
236
322
258
220
332
225
341
213
286
339
227
341
216
202
288
555
555
548
828
603
612
544
486
479
517
525
597
676
677
884
439
421
463
402
619
599
418
665
424
662
404
657
263
312
298
253
456
310
288
379
256
354
162
180
154
278
170
287
168
206
184
355
246
164
214
231
156
156
228
127
144
129
174
193
168
251
128
260
169
301
238
251
359
934
660
927
670
945
656
920
815
854
832
845
1557
662
998
585
471
415
891
519
501
346
507
313
546
545
307
547
291
279
234
318
266
324
386
312
331
318
386
312
400
227
397
213
372
218
203
341
336
350
837
620
834
851
827
575
826
522
852
943
979
497
419
514
407
349
557
330
375
601
603
524
501
348
519
354
556
332
313
331
285
483
298
270
356
317
614
480
419
346
523
353
521
327
310
321
388
510
309
523
506
379
345
550
306
383
309
545
329
367
346
296
348
556
565
512
341
568
558
352
513
363
481
323
455
338
326
527
568
525
335
525
488
472
353
288
293
505
334
367
301
543
287
536
306
428
383
341
499
346
562
342
394
347
612
343
506
321
516
378
457
480
345
352
385
320
323
359
345
313
354
279
296
261
313
284
322
467
317
557
333
259
331
394
310
511
311
489
301
452
321
338
325
517
386
350
563
323
333
527
334
384
381
377
310
445
395
332
327
373
504
485
320
301
551
297
388
311
360
431
380
554
371
391
375
554
342
556
554
532
510
495
514
356
551
304
308
488
567
293
363
746
475
271
295
563
311
493
298
340
349
498
485
491
509
253
457
251
271
359
343
381
320
360
384
216
227
212
298
184
215
178
361
287
335
202
338
364
410
223
398
231
356
334
400
241
365
233
219
365
354
215
214
370
396
264
339
221
383
336
325
248
222
239
376
241
313
319
197
313
191
333
176
331
257
336
337
201
213
340
231
347
345
612
894
693
654
563
604
542
614
515
579
504
931
408
420
666
271
462
458
342
431
357
521
313
297
565
342
568
356
318
519
329
292
482
307
323
302
420
518
511
540
514
485
537
389
312
359
293
299
280
430
477
472
488
483
309
475
325
356
503
480
487
480
476
452
452
479
476
512
469
436
482
507
526
317
297
474
485
324
479
325
507
483
483
358
335
337
560
308
536
302
489
302
352
291
489
302
530
296
485
599
324
343
467
304
507
293
470
603
305
519
324
669
314
486
534
490
481
357
484
265
295
346
514
560
382
422
357
280
477
255
480
436
311
297
557
294
556
372
398
391
339
379
660
618
912
677
886
687
897
729
584
634
688
661
683
646
591
689
961
682
644
692
920
711
509
677
407
568
304
429
404
517
266
335
334
329
371
217
323
218
360
406
356
222
365
243
226
206
328
195
201
311
220
338
237
376
219
358
197
369
361
758
402
228
260
199
338
341
225
185
235
301
199
212
257
193
260
246
242
397
687
960
677
686
681
965
675
981
659
743
696
590
618
639
650
576
685
646
683
658
723
990
1003
652
919
942
733
556
528
554
955
591
707
632
905
652
642
414
367
499
488
402
390
399
335
369
392
212
407
216
352
203
232
344
231
204
293
331
225
291
301
342
227
199
329
183
186
185
317
174
371
216
230
326
180
224
191
199
325
355
239
330
175
289
177
340
230
192
272
193
335
404
332
347
219
218
218
338
366
204
254
223
337
214
354
331
179
340
228
316
306
229
336
360
227
327
221
335
264
208
173
526
611
679
585
878
584
618
583
926
710
595
1564
555
625
949
685
498
441
697
427
708
412
430
482
692
625
523
408
692
424
677
390
673
389
501
1448
474
403
460
683
695
744
719
438
675
765
736
761
528
531
751
754
704
699
519
695
683
743
774
715
406
684
662
410
695
654
696
741
706
658
663
806
436
411
361
652
727
447
755
463
783
437
511
423
446
695
357
698
642
752
694
712
725
520
688
693
824
463
458
430
388
468
436
756
403
693
393
440
390
696
455
466
440
719
476
470
699
737
445
454
549
728
436
715
520
476
464
380
348
386
652
678
483
634
328
618
440
507
749
669
408
678
395
670
341
447
386
669
390
639
382
730
426
350
441
362
625
684
440
405
629
637
655
693
446
462
443
360
628
627
629
418
370
627
630
626
639
808
466
476
493
653
667
386
390
362
399
372
405
481
501
731
402
408
397
695
697
674
648
669
463
388
625
377
421
425
503
647
757
668
706
499
463
404
703
425
420
391
657
381
422
651
368
659
643
498
494
537
398
291
251
273
213
364
423
343
181
352
320
342
353
189
173
342
286
304
264
289
173
252
267
263
268
160
253
235
271
238
187
290
247
300
259
167
259
265
262
279
289
311
192
266
347
220
227
912
594
953
651
1074
607
931
552
957
546
993
534
598
597
580
613
536
978
549
512
394
1604
300
494
542
459
470
423
213
421
211
272
394
201
368
238
330
325
309
201
399
203
332
202
352
201
560
516
935
531
646
560
511
540
607
651
577
1070
986
987
706
719
435
346
508
309
381
521
318
342
304
517
305
319
385
600
335
605
590
533
315
306
288
375
301
334
414
311
581
357
588
522
376
518
530
368
890
499
445
240
273
255
286
464
309
364
295
309
302
392
263
301
465
248
439
491
499
273
494
231
249
289
259
450
224
493
238
417
253
263
440
492
282
238
268
257
263
488
451
491
487
445
497
292
273
369
211
369
231
215
305
237
296
475
309
461
303
475
303
256
254
306
391
293
481
288
448
307
319
283
310
312
259
313
307
313
310
301
416
304
486
308
510
306
474
316
333
320
320
316
274
296
256
250
266
455
267
274
278
286
275
252
236
245
440
246
469
258
473
321
242
370
422
442
482
440
406
453
401
329
279
346
440
499
467
270
511
312
544
245
254
301
300
288
213
279
512
321
271
312
430
325
325
303
302
305
316
481
257
263
441
342
294
267
275
240
405
257
280
423
271
242
255
275
442
265
259
495
233
333
537
349
282
250
280
404
412
401
428
373
419
250
259
246
263
312
512
273
429
497
351
312
479
467
488
286
457
425
418
394
390
468
408
205
364
199
482
551
502
892
717
1039
904
627
645
682
584
670
938
543
483
571
908
656
720
500
469
491
462
298
375
505
357
418
373
347
313
513
369
347
613
648
360
509
530
356
293
513
520
530
575
610
383
557
384
474
341
293
339
557
608
612
365
304
528
307
600
403
544
546
365
600
600
553
552
362
627
315
327
335
307
381
323
321
319
515
502
501
365
349
510
296
508
261
513
341
355
332
511
326
316
321
303
604
305
340
494
323
524
306
580
359
335
330
392
341
571
308
580
320
582
310
562
425
367
345
406
312
357
614
562
322
336
358
320
328
293
327
342
312
403
982
331
597
299
627
318
328
563
566
571
618
354
323
746
571
624
384
600
347
391
317
380
306
305
516
302
344
388
564
375
595
372
593
378
515
330
531
377
599
380
380
359
312
300
578
299
573
286
319
309
318
325
596
372
358
334
472
373
583
375
557
361
374
344
585
367
618
343
373
381
530
332
527
335
525
371
306
349
329
333
559
379
553
359
533
393
307
436
606
542
327
424
365
359
326
570
564
310
302
270
261
492
302
305
502
306
987
615
1016
591
1025
604
656
620
664
561
615
597
546
952
550
927
569
744
990
597
1043
597
953
594
1027
580
640
586
542
510
728
392
490
351
369
323
566
252
414
245
265
218
226
375
216
388
212
238
380
573
297
183
186
219
434
190
255
255
327
417
238
372
380
415
243
216
253
329
419
243
421
223
233
373
234
227
190
343
242
210
209
257
236
393
244
223
222
196
229
259
231
229
235
205
185
251
189
245
242
259
401
377
360
417
259
427
418
197
272
217
357
375
381
204
283
213
193
397
230
247
383
243
410
270
197
193
234
413
421
372
384
457
220
370
352
351
357
431
218
434
440
385
267
382
215
228
232
222
364
406
192
342
201
405
340
245
268
194
231
200
262
379
242
229
246
604
472
199
353
179
393
210
416
203
329
219
332
232
379
221
222
207
215
414
431
463
240
383
537
659
218
350
352
350
348
477
213
377
383
345
414
210
371
163
213
221
188
181
392
198
241
287
203
225
406
231
428
256
212
258
202
251
209
260
188
223
442
213
202
247
365
261
420
226
412
254
386
246
363
233
245
228
220
426
264
207
343
353
387
384
346
369
364
410
383
222
330
202
223
175
201
337
329
352
301
250
245
349
348
383
207
428
188
337
420
394
225
225
332
214
446
418
193
422
311
254
336
212
421
261
328
280
223
434
221
376
192
234
224
218
213
385
225
270
405
252
330
255
231
230
230
232
409
238
262
231
251
213
385
433
218
231
231
218
212
227
246
212
392
196
397
241
463
244
437
231
237
321
258
421
263
417
268
256
264
449
262
440
277
417
286
364
255
256
250
257
252
204
242
209
303
349
248
371
194
342
188
199
238
180
222
368
362
231
233
206
265
219
202
205
398
234
423
265
252
429
233
204
276
196
268
376
225
208
239
195
261
327
213
182
230
372
382
349
324
218
208
231
379
352
361
597
211
218
225
208
251
227
363
222
315
180
381
231
364
227
385
240
268
361
200
313
181
230
362
353
192
377
371
406
376
395
228
222
185
193
200
352
200
195
197
186
371
216
216
331
226
212
224
410
224
215
218
226
430
226
527
226
255
423
630
631
688
1044
612
1019
653
984
618
600
639
1083
953
929
702
620
607
1035
571
1031
1021
484
530
854
557
546
516
537
573
559
567
601
594
378
592
850
368
307
400
306
574
572
574
425
622
615
334
426
379
384
610
680
1081
722
657
690
590
680
965
679
581
683
663
1038
1006
568
638
454
425
422
358
333
677
410
516
271
347
234
405
215
397
211
234
217
434
395
218
442
247
461
411
428
303
445
403
213
449
437
434
307
431
216
438
300
223
380
204
375
204
261
206
207
233
373
479
251
259
431
215
428
473
455
276
448
418
401
393
245
451
301
306
295
240
297
262
297
411
289
476
294
367
299
290
259
236
200
197
205
473
219
443
222
416
225
255
432
457
235
477
332
431
441
265
400
543
1035
548
1005
555
1038
1011
629
1133
665
1059
547
1013
547
1053
991
1004
617
956
1000
757
404
492
587
366
559
322
617
320
319
527
529
528
334
288
330
310
614
347
546
537
329
543
529
533
533
523
528
322
335
613
564
597
563
336
533
546
534
533
369
571
392
565
372
290
329
620
321
557
570
576
543
365
528
575
526
323
523
368
342
299
288
523
296
305
237
302
300
284
316
402
355
583
571
632
630
588
608
592
519
633
597
535
636
618
715
611
273
293
288
273
582
622
634
362
656
398
344
404
577
557
364
506
307
540
339
588
587
591
352
276
336
533
569
530
534
524
538
379
597
340
343
601
353
572
321
561
324
365
343
298
363
304
413
565
637
303
374
794
553
537
563
598
563
543
536
528
345
635
393
645
324
308
297
617
351
627
290
351
301
623
310
611
336
631
323
298
304
317
614
365
410
335
541
267
380
383
652
257
493
271
274
458
257
276
266
329
280
510
453
490
478
238
293
521
476
511
509
254
532
254
288
450
268
295
499
446
515
535
530
263
461
519
551
262
523
276
283
272
440
488
526
460
420
228
529
252
455
241
301
242
208
221
396
453
446
458
443
429
445
446
439
419
525
483
227
217
387
206
398
207
222
342
203
447
235
468
279
554
471
425
510
612
1040
550
988
981
625
979
801
582
634
1018
763
584
587
687
1024
388
462
765
339
324
388
470
229
430
432
210
225
404
187
325
319
329
214
400
271
422
193
302
172
295
176
263
179
247
238
251
210
240
260
256
310
131
301
279
178
260
323
146
225
134
146
194
126
174
292
145
213
180
121
167
290
188
295
186
306
192
313
196
311
162
150
278
138
245
132
281
305
277
369
336
309
324
320
166
192
318
177
319
329
193
321
165
302
185
195
221
218
162
186
306
177
179
365
175
341
174
358
179
410
187
384
189
220
218
181
171
158
164
310
303
326
291
186
191
331
218
178
189
191
325
171
217
167
371
166
395
195
190
353
198
175
195
426
238
215
359
352
362
178
379
224
179
237
402
215
188
344
167
188
349
162
328
296
344
327
327
212
217
328
173
199
185
387
406
359
331
311
404
205
410
209
372
414
380
404
353
347
177
344
181
334
399
182
358
173
433
178
680
199
354
189
213
190
182
332
351
419
346
347
183
337
351
217
204
474
415
335
194
307
372
332
339
186
191
191
250
540
201
398
186
409
189
343
397
359
177
305
167
190
166
338
246
240
225
183
342
348
347
339
327
352
347
337
238
368
183
361
314
204
328
594
764
1060
628
1012
657
1053
600
1010
632
1003
705
1050
1183
582
583
383
355
781
663
400
662
294
334
306
292
324
523
328
590
303
497
319
303
311
252
302
460
280
314
316
256
318
306
279
561
316
271
304
470
282
449
282
234
281
227
315
500
280
512
267
228
310
456
274
447
251
495
277
252
572
234
267
256
247
217
248
257
232
244
239
224
515
260
262
264
258
267
263
288
592
255
461
261
314
242
478
242
454
240
243
290
554
296
559
552
289
287
459
279
296
302
520
518
466
500
357
320
579
350
454
489
274
512
290
258
261
284
517
515
474
448
509
527
297
259
340
300
244
274
265
270
521
256
223
241
252
297
244
309
543
305
448
562
256
293
259
260
472
454
480
262
473
443
480
555
278
260
266
512
518
477
595
264
299
454
229
313
467
428
543
283
270
260
462
273
481
445
527
255
317
462
293
244
241
505
454
514
309
449
246
465
451
291
257
483
254
534
251
299
531
502
518
292
315
276
258
292
231
521
543
249
286
262
255
337
567
536
250
495
286
268
237
477
482
456
454
428
266
240
449
238
493
232
248
261
270
261
532
528
258
487
224
232
254
283
229
482
303
328
301
443
425
232
196
266
453
267
454
449
249
450
437
486
241
444
473
456
414
445
436
452
579
962
627
942
1013
978
584
1004
580
649
959
446
432
425
569
304
465
556
248
279
410
461
425
475
303
626
360
595
546
264
256
245
444
243
405
538
390
333
340
300
149
208
327
383
398
163
184
222
203
151
203
322
222
320
231
184
210
177
174
150
203
349
204
348
209
339
198
310
196
223
231
166
205
291
204
331
225
336
212
178
212
650
691
986
680
996
949
562
1036
576
614
556
528
560
499
688
565
919
469
433
394
279
357
576
494
470
423
329
341
320
431
380
352
217
216
433
444
216
442
223
509
286
230
388
254
212
410
202
206
251
226
224
205
207
188
202
183
197
365
175
365
183
238
380
386
400
465
263
490
281
196
267
424
190
236
224
198
326
187
183
180
351
188
262
397
413
374
364
394
243
215
474
205
412
207
454
212
455
452
273
245
202
219
205
457
401
1089
600
1087
1112
715
1081
1093
644
550
651
568
544
612
565
583
1067
533
1060
559
462
532
573
304
363
371
256
433
322
246
396
389
367
225
239
385
446
420
396
458
222
468
226
300
243
216
187
450
405
183
382
212
221
223
399
213
429
399
465
240
224
485
456
409
261
420
261
418
486
437
461
217
464
216
230
222
202
238
178
209
247
239
215
216
309
430
191
367
370
185
449
265
264
198
183
206
445
193
248
370
451
475
462
391
450
438
429
505
400
236
458
181
413
210
225
480
229
478
251
236
468
231
259
233
228
211
238
207
429
391
396
512
237
406
261
396
233
446
234
216
289
186
212
165
246
387
254
294
241
466
266
431
222
366
212
497
240
407
207
423
227
451
220
219
253
193
215
316
236
462
419
414
483
208
204
196
221
210
238
222
622
655
379
458
230
352
255
232
447
231
445
226
421
223
431
221
219
400
456
242
224
227
238
220
436
176
385
162
188
175
360
198
487
192
452
696
246
345
467
235
220
403
217
431
205
395
487
252
208
421
446
459
467
216
464
235
462
192
369
171
351
166
252
450
401
386
217
413
446
413
226
506
215
206
231
213
383
218
278
210
209
392
385
457
448
216
223
475
213
449
212
459
217
285
439
410
190
397
192
232
219
232
261
424
211
452
238
468
226
234
212
233
397
218
407
470
240
295
464
246
228
233
196
261
258
246
242
287
493
392
224
240
468
254
489
252
191
226
436
240
384
216
243
257
582
1011
604
594
999
605
1108
625
643
680
1103
1096
1000
592
1049
1177
1057
1139
1062
1198
1111
704
508
427
413
800
460
444
401
814
803
532
1005
456
880
398
434
419
579
415
802
462
810
467
803
396
797
410
543
324
339
301
234
560
549
250
432
207
461
236
447
380
443
265
424
384
459
239
193
398
440
461
466
387
465
246
468
472
453
482
228
390
221
211
224
394
447
229
468
240
367
220
214
1144
1116
617
1151
618
1092
541
1070
625
565
1091
1137
442
527
435
387
406
806
417
800
468
440
457
429
395
391
389
365
773
495
873
453
406
389
843
390
432
850
501
490
380
380
615
279
327
628
200
202
371
198
238
467
439
675
1188
665
673
608
1095
593
1080
614
1055
639
964
404
401
396
435
403
396
863
392
815
387
854
899
429
418
403
404
385
487
407
792
802
799
404
531
470
516
447
778
400
780
788
507
482
455
334
622
414
440
253
280
240
859
454
818
300
695
363
276
279
530
588
230
209
393
359
348
367
360
213
179
393
210
382
192
210
184
184
316
175
311
149
187
168
343
408
242
211
387
243
212
200
342
166
338
151
199
322
344
186
190
189
175
202
210
185
370
386
180
207
362
206
360
192
359
438
211
193
432
255
368
435
365
435
358
258
428
268
213
278
228
193
258
402
1098
1061
1005
1193
1003
623
1145
1066
711
1070
1079
582
431
460
378
595
592
594
512
587
254
524
470
400
461
201
194
340
332
162
160
149
149
288
172
435
181
331
308
155
304
201
386
215
195
171
194
183
191
169
193
186
182
290
409
356
414
497
190
173
173
316
162
168
166
158
193
169
187
345
173
353
364
354
451
200
331
559
579
508
633
631
543
611
540
1112
546
589
629
429
460
469
619
306
400
290
297
243
225
204
222
221
365
152
338
175
146
160
315
285
289
326
311
697
1098
646
1035
1052
1089
1081
1087
706
1105
1258
1351
1231
544
1116
1106
1116
604
696
445
974
416
385
304
379
482
311
469
306
536
308
546
308
543
292
261
554
299
529
518
305
553
266
223
294
1096
680
720
638
1179
459
489
499
396
353
666
367
279
481
301
428
282
225
478
375
240
175
359
308
299
309
183
285
284
207
335
143
139
293
298
184
168
313
293
162
349
334
284
359
168
304
286
325
280
352
341
339
281
348
171
361
425
390
582
1205
1195
1203
1138
710
588
572
1056
541
676
486
601
588
594
644
551
660
561
418
407
457
274
329
609
307
504
238
339
269
547
263
522
245
507
478
284
253
264
273
514
251
460
227
272
273
254
301
447
226
502
210
258
217
240
201
342
272
490
567
1158
1143
665
1264
1170
1145
1146
579
650
1055
684
573
536
483
442
319
371
384
367
1128
321
258
247
218
466
213
406
186
203
203
239
183
389
390
406
439
377
392
218
344
351
368
164
374
218
170
376
362
362
356
214
422
349
351
376
219
350
353
353
204
383
393
509
229
428
221
447
676
691
626
1159
656
1171
742
688
618
1160
672
1135
663
558
586
499
657
567
608
361
494
469
369
673
342
470
265
267
268
241
200
383
254
238
273
217
235
242
223
172
210
178
200
181
281
285
270
428
211
224
217
345
202
399
264
509
227
395
215
410
238
203
411
208
459
411
205
469
261
238
506
480
433
416
462
555
483
396
403
204
236
402
237
459
488
459
419
423
408
448
234
451
214
385
388
397
389
388
434
289
427
397
425
415
441
450
454
200
184
1108
512
1067
1036
1048
628
1049
518
1128
644
1116
616
618
571
1265
549
1125
543
1112
565
574
1229
599
1028
1119
1086
1049
1223
586
1057
545
1168
556
1261
687
909
426
823
397
813
368
753
368
519
528
825
398
500
856
591
395
381
689
381
389
365
673
378
325
398
640
598
689
348
732
298
329
321
612
313
658
263
351
296
332
336
315
280
290
326
239
633
656
386
658
645
622
590
278
369
352
666
350
330
650
311
692
347
334
605
272
576
556
619
276
587
664
268
519
343
311
579
1177
540
224
215
513
245
513
560
544
597
264
518
556
323
279
285
223
209
245
257
268
435
534
272
470
247
246
261
482
480
499
476
287
533
241
535
256
267
272
244
225
521
300
536
254
532
452
268
319
569
273
554
573
255
493
250
493
554
549
555
270
559
343
312
507
449
495
536
542
554
525
506
556
493
566
247
554
315
527
523
592
1108
557
642
1211
597
580
647
593
635
642
961
967
919
404
617
849
483
420
361
658
435
593
309
322
620
690
574
685
287
696
333
354
310
334
330
311
340
602
556
606
571
572
320
577
293
613
339
320
647
707
639
657
648
650
313
699
339
654
307
317
369
423
415
295
628
643
623
309
694
663
720
326
384
619
607
602
294
598
337
596
592
299
596
314
596
590
303
640
609
607
591
344
616
271
573
334
349
325
660
303
304
274
581
284
251
297
306
255
592
298
332
291
304
363
319
293
550
272
259
278
535
285
275
254
292
727
357
644
315
305
592
587
598
592
302
598
594
592
323
541
482
253
618
210
202
203
414
204
206
384
310
413
193
182
304
321
341
330
314
290
293
282
283
278
285
280
182
161
299
307
292
339
345
289
282
678
1127
573
1122
559
1136
552
594
542
619
591
1173
1298
1073
1160
655
693
859
510
496
425
319
627
329
647
262
273
484
405
473
487
287
488
529
448
480
445
218
486
210
400
188
420
188
504
477
474
306
219
447
202
242
225
438
452
320
618
217
445
428
499
487
215
482
229
239
212
499
497
218
260
264
219
214
237
477
215
450
222
224
210
365
372
401
388
419
284
506
534
470
427
527
440
424
251
237
435
386
374
489
487
265
237
539
1115
560
555
554
551
533
479
535
461
773
526
629
661
602
827
814
859
866
889
365
327
338
353
306
692
285
640
407
628
328
611
626
312
297
689
304
355
637
360
356
349
344
359
386
928
301
530
264
427
262
457
248
214
240
430
217
178
229
409
208
407
213
358
257
415
208
365
250
186
239
218
383
450
204
391
193
397
179
369
451
392
240
451
507
221
454
210
238
185
482
654
1112
650
1125
1153
693
616
1180
1090
1240
479
406
932
293
303
297
260
612
236
272
210
198
204
186
200
219
242
413
258
204
240
192
610
230
222
220
193
214
491
232
492
214
476
432
446
455
492
228
317
472
511
464
428
214
218
439
497
222
434
199
413
491
451
533
199
213
243
421
423
431
423
218
239
490
205
448
477
438
256
271
236
221
413
252
518
238
470
262
273
252
399
243
477
260
262
467
416
418
477
423
214
227
571
224
217
185
409
218
229
216
248
215
493
195
260
192
468
222
276
209
226
464
441
225
218
385
454
208
187
485
468
461
487
479
249
465
170
363
378
189
187
510
250
501
211
467
204
453
208
262
553
274
452
210
421
211
172
275
472
293
293
242
489
259
398
251
542
449
228
225
179
239
211
218
219
488
241
498
259
509
227
224
478
234
420
684
614
1247
628
1193
586
1206
599
732
1094
1164
1229
678
637
573
562
545
536
385
396
424
415
951
717
628
641
686
667
694
391
745
333
394
330
329
289
367
319
364
276
320
604
332
606
324
303
332
647
346
658
321
344
313
344
806
663
312
734
356
734
322
355
387
257
301
224
229
216
479
232
212
213
192
438
248
398
270
415
249
568
264
217
277
448
273
471
260
1187
673
545
567
1216
622
1214
615
1202
663
683
629
1137
408
472
475
319
318
288
688
342
650
651
650
691
414
674
671
661
716
308
387
691
310
688
693
641
353
296
397
765
362
319
354
696
648
425
303
270
540
1159
1161
579
1236
578
1190
539
1025
395
526
385
275
317
708
243
251
247
477
244
223
428
446
390
430
316
339
325
370
297
384
328
284
255
281
264
297
294
169
267
272
164
335
317
147
145
275
136
154
221
158
1217
532
1221
559
1204
544
1182
539
1099
552
674
706
555
1169
1173
484
872
915
376
733
329
522
265
617
219
219
245
409
347
348
362
337
353
428
207
177
192
163
410
175
179
201
384
375
427
184
205
192
201
214
222
188
374
546
1182
1181
1273
617
715
654
663
657
644
666
677
645
474
850
451
352
364
315
736
251
477
546
514
273
501
502
494
261
313
293
370
260
584
515
586
253
296
282
314
264
566
603
657
605
297
583
347
534
521
251
604
601
589
557
321
551
532
495
264
517
603
513
252
249
310
254
578
649
655
244
247
249
249
593
585
594
588
591
585
585
294
248
271
550
240
539
252
524
532
288
269
571
246
635
238
316
575
589
589
590
537
599
594
285
262
280
248
526
267
491
471
479
475
478
466
466
460
463
635
277
229
281
523
251
582
334
319
588
350
251
588
658
268
520
250
595
523
509
512
261
542
281
603
271
348
376
508
277
501
589
515
595
505
565
281
592
273
297
268
343
346
340
286
464
240
281
218
235
256
566
692
285
252
544
508
1108
1212
1300
1177
478
945
746
323
320
717
519
289
247
213
407
418
370
381
618
197
360
178
322
559
576
561
378
340
396
370
255
258
240
221
262
260
333
515
483
192
462
948
1023
699
707
384
266
538
541
511
196
214
378
183
195
178
336
362
311
383
454
147
303
283
135
326
149
321
135
147
144
307
332
182
156
142
357
142
311
132
309
140
332
134
335
174
151
146
507
158
460
332
180
427
172
327
398
399
226
410
184
436
404
167
159
165
169
314
1128
1180
563
1187
1118
612
1117
1144
1150
1348
652
760
633
565
1171
1218
495
540
577
820
547
537
934
786
796
418
492
848
656
275
603
620
332
713
331
586
301
667
278
654
302
330
377
298
303
280
361
307
534
297
291
220
200
422
197
256
209
585
238
435
409
232
525
487
492
581
578
432
418
432
445
204
236
234
254
202
427
445
438
213
245
271
229
193
258
212
263
451
254
222
223
501
263
502
269
495
239
278
260
186
259
218
261
411
263
317
228
220
231
230
247
213
459
519
220
210
200
277
215
182
217
591
225
223
451
504
414
484
231
510
207
200
182
434
202
477
200
536
500
651
1227
736
1162
1151
810
825
797
378
313
293
240
650
231
244
587
249
245
253
527
280
258
582
526
1182
507
612
1162
608
1185
616
1155
595
1186
592
665
1841
663
590
584
542
558
334
388
368
374
366
322
747
245
265
343
266
431
463
492
246
407
279
206
211
226
221
211
488
227
489
419
498
218
491
211
492
472
424
422
254
226
437
205
217
439
440
484
243
478
432
213
233
260
187
250
203
245
1227
1302
552
1238
1231
563
1206
1231
1277
639
1932
1211
606
570
604
557
545
610
549
724
681
682
577
943
379
701
644
331
632
288
316
245
467
212
213
203
181
360
431
199
440
415
516
194
177
423
432
178
433
424
215
191
403
163
443
222
395
427
209
215
515
523
1112
499
1289
633
1237
648
1247
1192
555
465
990
370
338
655
747
741
353
684
755
396
680
320
716
281
663
348
343
300
294
717
297
603
289
403
748
765
365
369
320
337
658
318
357
309
316
324
426
318
322
310
327
330
368
708
346
682
350
775
884
359
734
357
650
340
606
583
599
738
360
357
680
304
720
376
280
541
495
485
270
251
246
302
222
368
290
241
253
244
238
588
692
354
247
511
1258
561
546
1114
1122
1106
1225
485
988
1044
341
294
320
533
262
247
247
242
592
259
293
243
334
230
606
529
598
600
596
603
570
606
592
655
275
275
563
585
290
560
555
275
558
345
545
269
288
267
218
521
225
264
224
496
229
521
222
250
583
227
561
600
305
261
494
508
526
255
545
299
579
242
329
236
578
218
530
251
262
251
543
253
548
223
318
233
274
212
562
312
231
407
182
429
460
221
455
202
484
216
529
185
198
155
671
605
684
607
731
1166
711
1167
706
1121
639
1127
670
462
475
445
295
715
639
286
607
286
610
210
219
462
450
428
517
238
284
214
223
217
188
416
227
587
247
212
620
583
1256
646
1255
624
752
557
683
559
573
1139
681
620
717
1158
634
1123
582
853
475
870
369
763
313
598
306
242
306
654
301
299
611
297
297
283
280
284
531
252
453
233
505
263
458
274
332
178
329
175
286
183
178
326
277
269
274
118
303
135
139
349
331
336
173
342
174
334
178
269
256
339
177
327
169
265
156
307
336
175
120
165
377
177
176
169
146
133
120
134
327
216
326
188
263
136
125
175
119
198
143
175
212
178
284
196
388
191
419
470
309
293
403
335
421
162
181
147
295
142
320
292
306
215
148
163
349
161
173
334
178
173
305
386
173
379
198
172
195
410
265
161
388
174
316
144
161
201
410
142
379
188
331
381
345
199
158
164
314
215
305
175
513
176
348
191
353
197
397
210
398
182
338
399
251
132
169
540
173
179
328
316
371
158
331
371
219
192
206
151
186
144
203
485
220
387
178
145
195
146
161
441
192
173
466
159
205
157
197
209
529
216
232
242
280
246
304
309
359
386
294
307
565
359
590
589
588
647
277
642
