872
1191
722
750
1080
911
795
794
721
750
843
797
877
769
820
727
875
755
747
807
1643
1484
685
780
683
690
764
725
782
972
859
779
560
628
518
457
463
497
400
324
388
331
240
281
399
395
340
306
267
201
306
256
253
200
176
202
287
266
221
205
205
280
173
254
213
175
227
214
166
186
242
208
210
202
184
196
185
207
226
239
227
177
211
167
205
227
331
233
175
218
209
144
236
244
209
182
171
307
330
305
255
160
242
259
198
254
224
215
265
250
181
165
137
301
312
191
156
288
162
213
177
183
166
168
268
209
272
184
227
177
191
210
215
222
264
222
268
252
267
231
237
248
314
385
263
249
272
241
306
235
251
281
255
227
275
265
293
192
296
306
298
300
293
243
206
250
293
256
291
254
250
283
255
244
186
283
224
259
252
241
271
194
239
334
265
225
227
288
213
299
275
237
295
198
212
281
282
242
324
233
216
205
205
199
292
265
219
257
240
299
304
198
233
228
264
230
231
227
245
266
296
229
281
270
398
227
208
255
186
240
212
261
255
239
210
235
358
279
257
265
223
297
270
328
725
923
758
759
772
759
703
665
682
720
925
646
644
610
406
389
370
444
307
428
313
331
387
356
377
324
378
376
397
414
358
298
320
272
290
292
337
308
360
255
323
340
381
381
318
328
281
275
290
341
320
659
395
296
402
315
271
347
301
380
282
256
342
305
302
231
240
305
249
877
842
800
878
708
816
806
807
836
803
788
771
835
888
818
711
619
560
449
367
478
332
430
346
411
395
431
535
447
565
474
302
423
372
317
249
242
317
320
341
302
278
281
406
264
295
319
384
289
373
249
336
210
320
267
299
260
248
264
231
252
227
271
239
241
293
373
274
261
323
224
300
285
267
223
258
254
315
406
252
207
260
297
292
303
272
263
291
294
256
248
290
257
284
182
242
247
253
155
227
220
164
184
160
185
160
185
257
343
290
179
280
231
244
348
317
284
186
274
189
333
245
228
178
205
195
454
191
179
284
233
194
260
293
205
228
202
278
195
213
195
196
175
205
432
177
162
244
245
891
819
707
884
766
755
799
673
767
651
730
687
734
491
1572
621
462
458
461
356
323
313
369
430
323
343
345
338
298
370
256
313
305
277
282
272
308
338
245
298
365
326
299
377
256
313
371
333
1059
293
303
349
406
365
263
321
307
319
272
336
389
320
381
365
352
354
393
371
324
331
365
324
291
290
300
244
264
280
275
305
266
203
357
366
227
252
213
262
209
156
199
194
190
210
199
194
253
310
173
206
207
207
253
152
235
270
228
382
205
197
201
240
261
245
181
202
164
231
209
323
279
216
215
244
301
224
269
166
172
216
197
178
320
302
260
200
308
226
159
152
350
225
176
214
424
184
225
243
292
212
243
229
237
260
240
219
194
167
255
217
215
200
343
258
243
238
230
240
283
181
206
187
203
268
204
315
290
235
246
188
188
188
258
367
238
210
204
188
163
299
245
208
198
334
200
162
348
157
205
153
213
210
232
198
296
184
214
251
289
275
226
253
209
199
231
288
216
235
278
255
245
422
181
169
145
280
397
162
225
215
236
248
252
201
154
234
212
281
204
249
245
232
217
201
185
161
242
247
220
292
260
199
156
308
376
243
232
199
230
239
293
327
273
214
193
170
196
271
390
217
226
224
244
239
297
251
216
272
234
252
244
180
236
267
156
210
204
163
156
296
183
242
261
247
199
229
225
266
171
199
242
192
200
201
343
183
221
243
235
195
241
261
211
153
257
218
256
186
231
217
203
248
274
189
206
248
383
362
211
213
197
162
215
315
249
228
528
205
254
234
221
243
153
235
172
213
214
198
212
209
154
190
292
186
194
220
260
242
282
225
215
221
284
244
219
251
200
182
169
236
324
205
298
235
282
239
270
235
266
149
278
173
291
178
204
134
203
248
239
182
230
155
262
215
238
217
300
332
308
221
222
255
217
229
232
343
290
256
300
311
350
324
345
390
366
414
340
326
355
420
368
311
323
328
312
405
384
367
314
410
269
417
338
1128
373
388
318
393
689
845
749
867
744
722
845
859
780
804
825
859
859
782
921
783
855
896
712
785
754
672
749
817
869
840
801
774
748
795
863
604
566
534
530
424
502
402
399
360
651
677
620
602
601
609
629
664
739
566
677
522
629
531
611
535
607
583
692
580
652
612
650
620
640
572
633
697
598
634
620
561
488
532
606
520
602
579
709
719
1282
478
453
437
437
475
454
580
2056
515
445
460
422
494
422
404
455
420
326
402
297
315
360
277
293
374
283
339
285
319
272
349
275
315
368
267
299
269
259
232
371
335
825
793
705
835
771
764
805
719
775
623
667
646
785
720
829
889
675
601
521
584
584
592
532
619
674
619
713
1779
634
572
666
549
504
530
610
560
572
556
615
599
622
631
563
581
500
559
601
590
543
554
513
556
565
564
579
477
560
560
579
491
554
571
815
671
736
744
729
724
770
822
765
758
877
871
731
842
849
884
739
766
645
548
621
518
449
434
412
422
465
528
433
485
449
326
303
343
289
351
270
353
394
379
354
387
316
401
291
349
391
305
739
830
814
735
696
782
668
840
802
775
746
906
830
1021
827
742
701
864
519
581
520
408
433
474
425
493
434
393
413
469
439
471
430
432
454
426
445
457
505
471
400
390
443
400
424
376
454
427
514
473
453
491
437
526
388
471
374
461
373
476
449
534
421
471
444
452
449
472
447
404
462
449
371
547
438
447
512
451
406
409
419
513
523
473
498
405
446
451
455
496
379
373
343
377
426
444
476
379
433
420
423
335
451
569
499
481
552
417
420
527
495
411
502
459
472
375
408
538
418
526
483
419
416
426
404
404
330
416
414
428
430
398
421
459
490
540
435
530
426
552
428
504
423
482
474
447
397
468
409
426
416
440
386
438
408
408
421
447
433
405
437
402
381
426
441
412
468
987
483
394
482
820
866
902
840
860
801
869
803
914
751
853
810
827
852
818
855
763
865
694
922
756
802
759
741
844
826
858
776
593
597
553
582
580
500
553
653
604
594
604
581
567
586
514
593
529
584
657
535
597
549
517
571
502
657
556
525
495
502
619
593
565
582
487
542
514
567
499
580
470
514
629
666
545
522
558
449
581
515
586
527
559
566
456
551
604
571
495
510
526
499
468
470
605
579
575
490
720
592
544
604
575
625
618
582
625
666
617
660
567
627
678
617
517
503
482
538
616
546
611
528
612
522
648
498
391
403
377
498
425
778
799
703
734
664
752
779
758
775
896
748
771
789
740
804
776
775
839
811
839
871
899
1860
852
787
844
825
838
814
852
789
844
793
642
616
511
986
457
568
695
620
438
529
401
397
342
329
447
356
295
383
267
294
305
311
254
320
248
267
235
248
272
234
233
270
234
322
257
274
235
245
192
224
223
214
224
189
278
225
244
240
654
789
746
811
747
770
758
758
822
745
733
769
737
491
588
548
554
526
522
626
536
692
590
592
504
535
627
552
662
649
566
531
465
511
624
609
565
511
548
543
590
520
618
491
630
520
570
582
621
592
568
492
574
569
615
539
621
833
808
786
883
696
910
687
800
919
792
685
793
3358
687
733
775
767
590
550
523
634
665
590
486
626
595
617
594
612
649
647
600
610
519
961
523
619
724
776
731
723
677
743
603
852
515
608
530
487
371
447
472
401
521
385
464
432
435
439
824
454
791
439
469
461
422
405
451
435
407
423
438
409
475
504
412
395
443
350
385
412
443
496
519
436
444
465
434
453
506
450
505
445
445
436
400
422
496
427
409
425
422
411
398
408
498
438
459
432
566
434
455
462
1166
382
363
380
448
387
438
430
424
407
421
471
420
476
397
421
456
443
389
422
468
406
473
426
466
427
478
399
388
446
400
408
412
408
359
406
383
421
408
408
547
409
434
481
477
379
433
383
345
509
473
436
443
388
442
471
401
515
440
453
395
460
426
408
391
429
440
403
446
491
510
502
423
408
414
427
482
430
434
423
557
406
409
438
358
420
447
437
381
417
436
478
470
417
433
451
386
442
378
481
510
421
468
415
405
452
403
458
379
481
422
420
486
354
392
512
413
433
375
390
407
395
420
445
468
373
420
342
382
396
367
390
375
463
384
509
494
487
507
469
373
485
503
450
393
424
378
462
383
468
405
491
403
436
500
505
527
414
528
395
429
413
498
395
462
423
418
449
362
473
365
419
377
492
470
470
497
501
439
502
391
400
480
471
400
388
374
383
402
501
446
444
376
513
474
402
462
425
395
447
405
401
434
470
422
395
350
367
339
318
306
301
309
229
302
243
286
246
267
228
229
271
264
252
251
256
248
271
245
264
204
247
228
324
218
336
299
238
270
247
226
298
210
223
207
226
231
237
214
227
248
258
291
385
310
388
313
441
385
444
378
444
362
496
426
438
515
446
450
470
380
517
407
461
380
485
516
444
429
367
407
372
435
443
359
453
368
446
498
453
484
413
508
451
539
464
382
432
378
458
421
428
455
491
494
456
453
470
422
394
463
490
479
443
445
436
540
380
491
398
416
399
467
414
439
368
423
421
432
439
399
422
450
483
425
474
425
560
460
463
433
429
428
416
416
398
459
421
457
360
413
503
420
506
436
374
405
393
410
430
412
415
487
449
379
479
371
397
467
419
502
388
483
435
447
476
460
439
376
452
473
424
446
488
421
436
465
496
491
410
504
444
501
828
347
377
427
543
372
402
413
436
394
381
389
374
479
419
430
465
468
510
460
493
451
414
497
390
431
380
459
441
464
473
368
409
413
435
400
373
383
468
452
742
457
456
453
449
438
458
431
474
461
376
493
378
500
367
443
476
349
493
429
791
713
720
764
663
718
806
733
766
1326
806
745
695
764
670
777
781
798
811
811
637
490
693
532
482
476
392
440
495
387
395
367
342
307
294
324
246
270
345
316
307
346
306
389
253
334
242
300
281
261
287
311
301
289
339
314
564
334
269
294
380
303
319
305
298
321
335
262
268
346
318
316
284
341
296
329
515
324
277
257
324
324
300
287
301
276
331
276
282
268
682
272
304
320
317
322
254
346
327
266
433
281
253
283
315
284
269
303
275
351
313
348
311
269
264
298
288
262
370
261
305
291
279
342
362
285
297
275
287
352
280
312
261
260
320
332
273
275
296
282
295
292
296
279
808
761
717
784
733
852
756
825
812
898
675
757
875
849
759
731
731
700
776
936
837
855
699
657
597
522
640
479
579
482
627
554
573
505
638
479
609
521
630
572
612
561
594
494
577
516
649
623
670
512
552
474
477
633
567
637
582
636
516
630
530
505
623
573
626
612
492
547
595
600
563
666
596
614
698
627
579
548
571
606
566
586
553
521
541
535
535
498
493
559
507
503
509
527
495
497
481
462
490
469
662
580
610
620
494
534
605
671
655
537
557
590
624
594
633
595
644
658
417
446
499
392
434
392
393
279
301
292
355
239
319
248
294
384
309
262
279
313
308
322
267
337
265
294
236
382
325
343
302
294
324
292
281
354
326
384
334
255
365
258
325
253
268
327
319
371
309
325
332
294
338
383
318
315
362
329
324
296
236
328
266
330
353
316
281
233
343
324
323
268
414
342
310
300
248
373
286
341
275
321
302
290
325
284
330
785
384
320
288
316
266
302
285
303
304
412
298
360
265
263
230
290
289
285
263
287
219
288
264
228
301
288
201
220
241
293
249
200
232
221
227
241
262
198
229
268
229
292
289
273
302
281
279
788
856
806
705
789
691
783
827
834
704
846
827
806
823
777
688
750
853
916
937
868
743
783
569
609
592
382
530
384
540
543
487
470
451
474
429
457
333
422
381
380
461
439
413
446
1328
427
378
348
362
483
689
770
701
779
740
764
702
733
678
692
715
727
829
771
698
834
786
763
778
841
2100
552
518
507
462
417
443
288
324
300
377
371
341
336
337
416
330
423
412
315
343
410
450
342
356
374
350
344
349
342
354
354
368
347
320
341
354
430
372
327
391
310
371
367
326
391
303
336
349
428
422
376
291
384
312
333
403
434
320
423
421
367
360
364
387
377
339
400
304
434
402
409
363
416
365
417
343
415
380
360
414
315
343
413
386
372
396
359
363
397
346
335
337
296
359
357
395
358
357
368
426
337
346
387
345
405
322
431
339
562
364
412
807
817
826
800
828
871
775
829
796
802
817
784
779
767
703
769
701
819
719
667
778
799
654
685
775
847
710
815
747
530
553
476
418
518
438
375
346
316
390
296
337
284
310
282
237
205
250
271
203
268
220
218
258
787
854
686
828
703
718
870
821
773
669
672
584
529
643
434
510
423
455
391
393
364
383
448
504
423
394
380
384
438
440
439
430
405
426
427
444
423
431
438
438
493
406
406
435
495
402
410
402
541
478
379
448
419
397
366
376
362
437
396
526
389
465
474
512
464
361
431
402
406
479
396
378
373
496
395
429
500
351
433
481
501
439
500
447
487
444
486
449
478
419
466
502
406
383
443
492
414
479
432
493
425
479
360
402
363
458
412
475
467
404
417
492
474
452
378
382
431
390
444
435
367
491
420
475
418
481
363
525
475
509
453
499
403
500
430
381
464
379
473
434
486
425
433
448
368
420
549
409
449
447
398
449
462
411
438
520
421
433
405
506
456
395
452
359
413
472
392
458
396
483
475
428
483
420
379
435
416
344
366
378
418
539
493
473
457
479
386
522
416
430
379
453
355
462
360
463
351
405
385
433
393
472
368
429
361
425
499
471
429
494
457
388
430
473
430
435
401
434
416
464
410
466
362
407
415
413
431
468
483
472
507
505
484
426
463
462
406
428
411
390
487
397
541
488
491
493
456
473
480
482
415
491
465
470
509
453
399
420
439
362
441
386
440
425
399
385
432
431
424
471
384
477
452
424
450
505
476
529
378
473
453
470
467
438
393
428
464
432
413
466
353
428
361
471
408
505
1246
419
466
398
466
458
458
464
497
438
471
414
436
387
494
399
505
362
420
402
432
446
429
454
435
503
408
486
391
444
421
380
433
442
470
432
736
838
774
802
737
817
729
812
609
547
534
421
433
378
431
422
334
340
356
342
354
342
340
368
303
315
331
251
300
286
299
310
296
310
287
244
273
247
279
296
323
275
312
357
261
366
362
356
310
342
247
295
295
734
636
774
695
753
728
711
803
819
718
801
662
818
668
653
673
847
809
781
838
962
633
625
572
540
483
550
500
543
453
562
442
563
403
552
1514
554
560
650
579
493
528
521
482
606
521
510
555
612
592
557
575
537
623
565
533
696
512
611
499
608
639
525
524
479
573
470
615
467
576
495
539
502
604
650
451
415
440
290
374
294
391
302
367
316
309
341
339
411
306
365
378
290
322
336
348
330
282
381
298
371
357
404
332
322
380
416
350
357
375
400
426
329
433
392
405
323
321
372
312
339
511
386
451
339
401
324
379
412
462
414
385
348
387
312
428
359
412
363
390
366
339
409
330
373
381
370
303
359
771
785
664
922
645
826
781
859
802
883
747
761
860
751
764
808
768
731
555
559
562
509
556
590
514
498
496
582
565
553
573
597
505
568
525
594
598
615
575
601
645
544
478
577
621
572
669
481
492
577
640
576
648
611
556
1583
543
611
544
533
594
574
431
418
407
441
390
437
392
415
402
419
446
466
551
452
531
468
366
393
483
477
364
473
451
549
490
457
491
444
382
466
949
424
414
474
466
439
415
395
529
532
430
458
472
477
475
436
484
409
480
491
465
433
468
477
416
420
448
396
442
423
407
462
418
422
424
394
456
400
453
419
469
414
449
562
421
434
448
446
360
473
445
476
429
499
337
381
766
304
331
332
370
331
370
768
815
697
890
670
753
764
859
846
804
800
853
782
811
737
818
748
814
703
767
799
812
867
755
807
3541
887
765
858
825
787
893
643
600
614
367
488
410
496
443
448
437
382
336
334
338
337
389
335
453
321
308
366
429
296
432
343
370
294
333
400
347
313
405
454
324
427
305
379
343
342
391
339
363
350
403
354
306
339
313
340
338
370
410
318
356
797
696
679
818
781
832
779
890
845
860
865
857
802
733
772
759
802
755
777
723
800
592
651
549
545
555
541
574
603
624
499
594
585
645
603
427
435
456
364
488
361
460
428
427
374
438
374
464
505
433
426
427
468
405
454
463
468
436
408
427
397
499
393
835
697
703
931
726
842
730
809
686
785
789
924
946
780
824
754
726
867
724
663
775
663
656
683
799
814
911
695
801
714
762
744
826
871
633
551
712
599
601
568
597
591
669
597
498
512
495
611
526
580
516
496
589
596
443
424
384
437
445
437
347
414
495
405
464
467
388
346
485
391
471
391
388
465
412
407
430
469
408
529
415
448
399
452
420
456
423
539
443
466
424
465
457
387
473
401
371
498
431
390
510
429
398
371
435
343
410
414
446
487
428
420
440
447
533
435
457
426
487
434
499
471
394
399
408
409
490
453
471
423
468
407
468
477
392
477
392
438
406
430
438
433
389
430
405
423
422
416
429
427
537
477
403
576
479
466
471
490
755
470
425
414
495
417
405
440
572
489
445
445
403
431
407
547
419
428
468
411
418
429
433
403
414
395
418
330
429
332
390
445
297
331
295
259
279
314
285
289
244
266
288
313
218
548
238
263
204
199
221
302
213
280
218
272
212
240
234
214
202
168
180
206
211
239
210
280
204
286
208
340
176
281
182
238
184
216
337
277
268
182
305
183
298
210
281
266
311
273
218
192
217
204
221
183
277
268
254
260
278
252
247
251
265
206
161
188
222
270
234
253
255
249
271
151
194
192
199
210
165
311
137
288
157
228
137
317
143
320
146
198
131
261
162
173
203
200
228
203
213
213
256
233
226
237
241
229
232
240
247
192
302
228
282
307
277
252
321
363
366
324
288
411
478
423
401
395
333
394
521
409
527
494
597
616
640
579
584
645
555
683
760
773
796
810
821
780
860
810
841
797
863
751
816
785
936
747
843
718
830
842
812
735
665
621
599
646
607
578
511
590
640
596
537
533
641
562
1082
595
541
507
563
574
558
671
507
610
600
676
556
636
578
531
622
607
552
491
554
531
591
499
543
549
500
622
497
526
552
622
538
595
493
495
656
569
661
558
730
536
531
568
1429
594
504
476
640
639
608
550
529
603
469
617
493
575
603
618
582
514
519
474
612
593
615
1034
656
681
528
556
509
649
567
625
557
591
516
471
465
439
425
364
307
383
329
305
315
352
323
289
235
221
305
180
303
298
255
167
308
740
854
730
870
724
900
680
906
828
857
758
854
667
728
838
813
778
683
773
768
810
761
739
2418
1018
797
802
826
860
767
824
840
816
972
777
780
755
898
849
846
630
606
521
439
381
468
404
427
375
449
452
366
459
465
459
466
437
402
375
390
405
396
397
425
378
386
434
475
437
429
371
415
393
393
423
472
430
391
464
466
453
493
487
485
422
439
445
440
420
405
360
360
461
419
462
398
451
336
400
437
385
387
469
385
363
421
428
394
339
435
397
465
472
449
376
502
449
442
743
748
667
891
875
847
854
791
876
791
735
837
836
784
795
721
701
662
681
777
843
820
815
784
660
778
629
621
743
774
850
703
848
686
768
820
875
701
772
763
747
796
696
781
756
576
585
555
489
909
340
429
359
429
388
426
376
391
383
424
388
327
303
301
354
369
367
310
368
304
356
336
411
414
627
356
335
341
315
308
344
258
308
270
325
363
392
360
358
435
387
316
366
301
352
399
345
365
295
355
300
362
314
394
344
377
338
349
390
374
442
320
393
431
436
412
391
378
297
388
373
443
345
379
343
439
397
431
516
397
491
540
381
379
412
473
370
412
371
464
409
470
447
487
374
459
369
457
403
487
374
488
370
471
392
463
407
446
393
398
398
402
408
337
386
360
424
367
431
337
355
464
388
462
386
372
391
351
437
357
415
414
443
428
382
374
421
435
419
443
394
431
402
428
375
413
356
375
464
371
350
320
411
424
500
421
378
419
470
415
380
406
449
438
357
356
377
346
463
407
432
461
468
421
443
410
367
377
540
443
443
390
325
401
433
413
452
389
417
454
400
451
336
383
403
422
474
497
389
454
372
400
496
413
386
328
434
409
461
760
810
877
836
718
817
780
749
757
817
824
720
816
718
732
741
763
688
641
886
733
627
522
558
342
434
429
497
384
441
381
371
453
370
486
377
456
404
482
482
464
390
380
421
470
494
399
469
498
486
555
406
535
461
478
483
465
496
438
476
425
417
502
425
580
436
427
458
475
453
603
378
370
388
457
514
407
404
357
413
399
359
407
384
400
385
477
431
380
465
395
487
429
432
484
444
454
432
488
429
396
441
472
462
425
344
346
406
314
287
250
245
259
258
225
621
552
579
607
646
664
574
628
668
646
674
661
622
660
607
583
599
581
668
647
1178
628
757
726
741
583
557
623
602
643
702
606
631
562
593
677
691
548
651
537
705
627
571
477
491
564
372
335
395
310
332
314
347
362
344
332
354
256
356
355
301
280
318
351
293
307
249
370
269
350
361
332
274
251
306
368
294
346
336
355
271
311
252
257
261
277
348
302
275
335
290
341
264
350
320
267
335
248
358
360
343
340
293
291
297
278
313
279
281
254
337
286
317
680
816
887
842
802
853
716
751
854
860
906
1560
896
751
808
654
779
720
809
778
781
733
797
840
948
821
803
801
780
785
719
740
689
528
500
607
488
413
447
724
333
369
382
421
413
327
385
319
361
378
282
300
287
385
393
406
816
781
854
737
865
813
919
864
843
815
831
817
825
1154
808
812
814
639
804
812
1487
792
795
719
814
872
849
778
671
613
499
475
439
523
383
347
305
328
340
413
330
440
463
407
437
346
310
400
430
392
462
331
372
317
368
306
337
403
324
408
375
339
379
373
376
309
373
341
322
267
325
377
418
312
362
332
318
393
429
420
343
800
772
914
769
875
861
811
721
728
744
768
753
691
805
750
793
739
779
800
953
796
806
695
765
796
821
711
727
773
698
829
739
832
815
531
504
528
495
636
496
574
514
525
649
599
607
511
633
632
620
566
629
496
570
576
573
543
670
690
1184
603
508
486
498
592
467
421
492
534
621
538
541
647
584
579
525
609
561
526
527
593
484
570
484
618
594
706
552
626
482
591
508
584
496
629
602
498
581
587
490
572
529
433
401
467
414
412
305
308
392
311
381
373
386
298
298
353
285
362
342
361
353
833
895
757
862
809
802
784
686
770
744
754
708
872
750
798
826
915
761
832
851
756
766
875
780
826
857
679
622
716
731
910
572
627
577
523
409
449
366
348
351
308
353
269
354
286
357
285
296
286
281
313
359
380
357
359
306
282
279
261
259
303
276
321
309
306
375
329
266
294
731
691
813
683
775
672
752
800
804
837
727
740
746
766
737
800
739
793
760
793
715
664
605
511
431
456
428
419
403
433
459
301
371
319
334
290
286
231
346
279
324
294
350
297
316
271
335
364
267
298
283
297
329
300
304
336
338
354
300
337
307
362
313
244
376
246
321
313
287
350
290
278
302
757
672
709
757
757
810
728
771
761
787
791
945
976
787
860
963
840
831
751
755
844
837
778
607
553
574
470
476
486
396
410
410
377
249
345
242
280
244
273
320
265
321
265
348
303
306
298
789
820
761
667
741
702
766
765
743
761
801
939
751
905
795
812
619
640
493
435
489
445
286
347
375
368
428
328
453
378
336
348
349
327
355
308
369
361
333
388
343
336
319
334
382
421
328
383
350
315
342
447
328
1474
339
431
401
374
344
370
363
366
361
395
314
352
281
336
286
380
341
339
314
408
387
310
299
296
294
291
285
304
287
299
293
364
383
355
323
369
357
377
293
285
318
401
523
415
367
395
360
312
357
296
341
350
347
392
338
321
284
397
302
390
384
295
350
287
309
344
350
385
386
348
337
417
391
414
315
371
410
406
300
355
301
339
351
367
341
335
343
326
341
397
336
339
343
370
347
433
356
441
365
341
391
338
330
380
314
370
309
345
444
339
362
342
336
323
354
365
382
373
830
374
314
405
401
420
307
386
308
417
410
445
336
408
431
353
385
317
342
376
312
268
306
321
327
280
236
260
270
278
194
236
259
278
217
172
196
226
216
214
213
196
219
256
210
184
191
152
204
151
217
341
172
205
270
203
280
236
237
174
285
280
201
211
194
279
200
206
212
247
249
228
202
198
267
181
269
186
243
239
283
207
259
251
197
193
196
195
155
194
237
215
234
178
192
173
266
153
209
191
168
162
189
192
209
229
179
283
202
243
234
261
279
236
240
153
143
174
196
223
201
275
265
217
272
157
349
242
153
302
285
193
318
241
242
276
271
154
191
258
235
210
192
173
195
248
196
274
144
270
249
177
278
252
280
225
248
213
228
183
242
224
265
235
246
241
339
268
255
224
207
382
205
222
202
237
267
287
317
871
766
743
761
811
819
779
778
788
732
719
849
846
793
723
739
708
706
787
999
780
886
753
916
764
805
806
941
662
665
504
604
536
629
592
568
482
507
540
573
507
493
522
599
520
568
567
546
505
496
382
467
420
358
387
428
331
404
344
401
384
315
406
333
320
353
350
370
369
348
381
321
352
398
311
353
303
316
408
379
382
406
395
362
363
404
306
322
318
291
661
791
680
767
638
782
943
881
803
721
801
723
822
708
802
852
768
747
708
713
772
833
888
763
590
556
536
421
452
465
418
391
362
287
300
279
260
190
254
275
210
217
204
226
204
233
181
185
323
183
180
290
176
238
294
264
179
241
145
217
222
232
208
177
158
154
144
268
241
230
210
170
180
204
153
190
171
167
205
250
223
182
188
751
832
678
801
802
889
696
743
670
676
832
730
789
743
798
783
881
752
772
780
777
807
739
826
798
696
821
812
749
780
725
773
637
744
482
534
657
498
416
419
450
414
411
379
351
407
372
429
521
495
461
561
438
445
410
480
451
548
428
477
473
417
399
535
442
419
464
374
407
464
413
434
360
408
445
402
462
427
373
477
445
435
422
387
416
401
377
453
362
417
470
427
699
820
786
806
802
776
817
747
775
792
792
777
736
674
794
651
798
818
700
825
781
595
609
694
397
679
512
415
432
349
336
374
348
347
365
364
350
342
354
284
365
424
357
330
310
301
411
269
306
312
302
757
825
836
735
755
1026
861
940
997
793
854
800
863
819
721
1055
885
783
574
631
549
530
462
470
372
311
393
304
377
307
321
338
366
337
786
373
345
750
988
798
849
736
833
768
811
888
810
806
761
759
815
801
740
699
708
733
836
817
1001
854
789
617
758
747
872
713
823
1322
864
674
715
534
525
554
567
531
628
501
602
587
615
539
594
503
551
496
619
508
583
684
587
550
548
484
562
520
609
547
555
616
659
584
591
526
575
521
607
1636
635
627
625
542
601
590
628
689
504
657
515
478
448
471
587
580
505
529
581
495
581
496
665
701
634
550
487
555
562
607
611
570
460
650
557
651
525
531
536
494
488
501
638
506
511
361
504
433
398
374
387
940
775
714
809
692
828
753
871
739
797
898
770
3192
656
613
753
774
800
789
776
476
582
587
632
591
528
582
643
547
622
668
688
584
560
538
551
562
549
540
526
554
560
575
574
692
521
562
496
566
601
548
574
574
543
545
542
644
496
561
606
544
634
488
585
475
543
480
584
518
598
564
497
478
626
654
614
534
563
450
516
544
482
552
504
554
572
536
1031
585
551
556
587
595
593
571
609
651
621
646
545
583
628
576
663
548
536
587
685
545
629
638
560
575
599
537
538
546
625
573
533
569
549
601
547
515
569
496
598
615
546
534
580
535
536
532
551
523
575
612
579
586
588
560
568
558
570
508
592
617
651
573
585
535
521
518
617
573
553
520
638
659
564
558
597
632
562
524
589
573
588
612
626
599
640
613
590
640
589
570
515
482
580
600
550
649
533
570
490
582
503
544
650
528
563
467
530
613
477
645
498
545
442
412
465
450
465
383
464
420
375
307
350
304
289
324
360
498
1188
410
329
384
331
329
335
375
380
380
404
357
348
325
292
387
357
333
402
902
750
825
681
807
897
901
827
720
796
838
661
771
668
721
654
780
853
782
818
853
836
803
836
659
809
768
782
768
776
758
744
863
890
835
832
834
842
807
774
832
734
796
831
883
863
624
692
519
506
388
397
448
463
489
408
542
462
440
472
456
399
436
492
410
422
418
461
474
474
460
493
473
405
451
393
430
354
434
408
416
455
399
406
369
467
503
521
431
469
410
489
470
479
441
478
461
459
494
462
418
471
451
492
395
409
414
450
495
414
551
420
501
530
468
434
457
341
434
429
426
385
455
421
456
479
438
462
378
466
394
456
442
433
435
575
407
486
423
438
517
473
691
680
674
761
685
839
706
901
790
900
801
795
801
770
841
942
825
811
863
748
705
596
612
569
455
470
479
461
404
403
382
306
289
326
246
237
254
247
230
283
269
261
335
269
283
272
276
280
280
272
278
282
295
278
282
342
299
336
275
311
298
417
285
309
270
392
274
285
360
272
339
330
241
233
309
240
237
268
308
238
276
258
275
277
402
307
313
302
296
298
297
305
265
277
288
233
320
527
250
240
321
360
288
293
282
249
279
281
306
292
295
270
330
305
331
265
729
786
836
702
817
656
771
675
769
684
898
821
871
701
854
786
795
707
720
692
665
749
869
1941
731
717
842
750
870
712
872
679
716
738
736
745
863
702
692
712
835
777
788
702
526
620
603
393
453
406
434
350
453
460
425
505
433
434
471
501
387
454
379
434
461
432
387
485
444
377
477
445
409
427
491
389
476
390
376
436
458
440
504
363
478
393
431
500
1373
486
453
491
515
436
459
431
443
483
419
464
387
446
447
394
437
439
386
441
759
811
797
859
721
841
694
806
729
769
717
737
737
2715
662
746
640
789
761
803
829
1003
678
866
671
807
829
760
820
754
742
526
523
539
606
558
647
615
554
626
619
517
612
634
685
571
597
519
606
461
619
613
621
654
526
641
585
605
600
556
515
486
452
445
563
630
518
932
598
627
606
662
572
527
520
494
546
660
823
757
754
782
679
843
812
746
789
690
813
688
803
673
759
836
796
855
687
821
671
768
684
695
716
798
826
839
604
605
638
511
616
507
514
615
488
552
500
483
508
493
466
435
566
582
541
561
518
475
511
490
557
492
499
521
476
503
548
646
554
529
481
521
510
605
485
657
565
587
535
532
564
566
2003
606
592
545
508
536
575
607
575
595
584
607
518
664
623
552
492
478
499
498
540
574
791
592
554
874
458
371
323
366
302
314
278
332
300
252
285
299
455
203
237
243
186
178
240
224
189
340
229
233
212
232
228
233
226
225
198
300
215
295
245
244
238
284
243
231
264
277
211
303
212
223
215
187
203
201
216
186
235
170
243
240
242
247
244
270
244
274
259
191
305
222
242
296
285
393
459
224
310
250
320
329
326
293
347
366
363
417
468
480
418
393
404
455
436
370
437
477
406
410
346
337
443
378
418
446
468
363
355
428
468
475
461
447
405
485
408
467
416
384
388
350
455
438
351
351
417
382
364
417
375
494
385
357
335
321
423
355
354
381
339
633
680
747
688
626
686
724
729
786
809
922
732
676
645
765
716
817
933
839
818
726
801
792
714
488
631
491
461
480
389
323
355
402
357
324
296
247
349
301
275
295
316
284
260
254
277
275
366
780
749
903
794
951
784
907
732
886
802
743
783
801
674
836
1073
1008
758
821
798
941
690
864
864
773
701
638
655
681
694
755
818
746
807
709
833
805
831
1251
699
729
677
895
847
817
830
835
734
1279
886
804
784
782
864
778
976
883
841
884
842
820
706
580
617
563
619
554
558
626
580
571
678
620
588
609
576
596
623
523
506
582
509
651
542
596
498
540
626
431
391
391
367
451
375
433
505
416
394
374
388
346
474
329
467
401
356
401
433
409
494
430
428
415
407
372
404
423
794
927
796
993
747
636
602
565
392
408
441
390
504
383
476
381
493
382
468
375
435
498
410
424
390
440
429
490
444
502
385
435
367
432
439
479
506
767
884
750
791
754
858
797
880
825
763
799
828
645
751
716
719
802
731
787
899
1469
606
645
626
541
514
664
538
570
552
512
553
655
514
526
517
529
513
564
502
566
562
627
546
658
592
604
527
708
591
651
540
614
513
534
493
441
493
477
585
545
493
583
553
564
524
688
597
451
571
555
540
591
559
639
605
675
505
469
447
523
530
537
456
536
535
514
546
646
594
613
602
591
571
1843
480
522
539
535
573
519
542
554
633
549
516
465
577
647
506
539
510
504
494
602
494
474
558
635
516
679
572
579
562
627
537
644
522
619
567
575
586
558
547
531
527
533
550
572
613
547
564
581
571
624
577
604
550
558
593
557
544
533
502
576
578
713
582
517
594
521
584
603
539
607
537
498
599
529
569
474
560
500
550
443
468
553
561
549
564
467
506
433
456
365
313
380
351
322
290
266
314
220
260
239
250
220
330
240
251
257
257
185
199
202
699
807
664
931
769
653
711
795
700
799
748
826
868
853
795
929
809
733
786
939
745
757
702
644
681
799
624
580
566
660
502
579
574
568
608
690
497
490
598
649
513
506
535
522
649
883
1068
469
523
641
516
513
554
420
535
436
336
449
343
342
316
293
362
352
276
327
297
313
332
329
312
331
331
264
272
282
285
307
281
320
292
334
305
355
337
344
391
309
338
262
302
830
837
726
848
809
849
840
851
758
901
765
894
731
782
735
833
749
898
748
914
737
821
796
795
831
733
837
717
532
613
583
467
450
500
410
407
367
434
416
415
410
509
408
437
361
475
498
369
448
469
481
512
486
431
373
348
383
332
267
315
231
351
298
372
252
298
278
288
334
306
301
364
287
328
269
331
271
317
319
393
285
303
345
243
298
302
343
291
403
350
290
290
261
290
302
267
284
249
294
296
309
348
336
392
282
336
277
265
312
269
229
304
358
246
318
265
296
333
327
245
310
317
323
305
288
280
282
274
367
299
301
286
275
296
321
318
279
314
313
288
341
262
264
310
306
351
280
273
290
288
303
319
260
247
245
271
262
302
373
272
295
837
889
709
848
783
723
694
882
870
852
778
713
822
662
780
643
811
796
885
722
733
758
877
719
781
704
766
653
820
770
765
643
777
746
630
552
569
522
534
485
585
481
534
484
501
455
529
465
563
461
968
499
557
492
555
559
512
494
580
607
613
618
704
586
619
509
627
522
700
537
584
538
643
419
406
456
374
346
393
338
352
270
256
231
312
256
243
228
242
216
244
281
257
268
312
262
274
197
264
189
275
197
246
260
303
218
202
238
329
239
261
212
300
192
322
297
287
256
375
215
245
247
201
317
268
246
268
181
263
185
264
172
256
315
253
238
270
210
255
242
233
239
243
244
251
266
260
277
306
270
725
796
675
791
776
831
760
774
803
812
862
810
784
800
863
768
717
797
664
872
802
761
868
897
687
779
662
796
634
706
626
643
414
399
421
323
381
374
382
306
316
266
254
356
235
299
362
310
323
911
779
856
888
721
767
726
763
765
782
771
699
820
469
486
577
493
359
447
350
278
402
386
262
283
246
280
271
241
254
244
302
276
301
309
248
347
312
286
259
303
351
277
282
330
265
361
333
403
281
264
259
362
271
271
365
277
261
316
271
262
267
271
256
320
291
261
312
273
323
289
344
259
318
263
301
322
223
213
730
259
296
242
265
177
166
168
242
189
232
290
238
229
227
207
239
422
213
488
201
208
218
210
213
141
208
275
207
238
168
208
257
262
177
196
194
241
197
240
219
217
188
260
192
198
174
327
187
195
215
172
309
263
191
295
222
173
241
290
265
236
307
205
247
245
197
197
212
188
299
263
216
264
315
258
256
286
257
216
206
231
273
222
193
251
286
244
298
259
244
242
325
259
278
215
261
240
232
774
771
825
754
912
815
876
808
1474
735
739
685
915
739
750
763
741
787
810
743
694
562
627
618
466
1077
307
318
367
394
312
339
319
796
807
870
747
752
781
881
833
784
705
803
734
856
856
852
753
738
800
726
781
816
760
824
540
481
445
435
407
430
410
350
337
302
358
343
270
297
319
329
355
312
214
264
252
242
305
236
227
241
269
196
180
205
193
298
288
234
169
243
221
240
204
188
191
273
215
248
195
248
258
192
207
231
218
232
197
198
159
259
277
268
270
269
271
282
180
246
236
210
216
264
237
279
229
281
205
302
200
197
202
254
205
258
239
264
230
248
243
243
233
268
254
285
323
304
408
449
428
372
402
321
310
417
419
399
405
381
490
331
380
394
457
461
431
410
439
434
381
407
432
392
346
311
376
385
329
374
353
392
304
406
422
436
373
406
347
335
390
366
324
319
298
319
300
332
397
335
323
345
346
325
312
329
282
337
286
347
309
302
293
353
428
309
267
323
308
792
852
695
855
778
769
720
820
744
761
883
875
829
764
654
1327
731
804
638
791
721
783
756
845
866
887
670
1071
619
373
382
412
353
502
424
339
304
312
291
224
281
215
252
270
253
269
258
245
329
238
268
251
245
263
242
249
273
254
268
261
259
287
335
244
222
307
195
270
638
753
690
739
690
760
833
871
824
668
774
759
834
723
820
766
779
711
838
800
739
619
512
567
601
657
572
478
431
413
393
304
375
383
387
299
343
299
276
305
261
209
221
294
245
199
194
205
230
194
216
296
203
272
309
197
172
229
196
165
220
196
257
213
248
166
242
1079
211
269
219
252
220
170
263
217
250
239
285
189
196
244
152
182
177
212
191
317
152
266
223
259
170
256
194
215
290
267
196
213
218
172
252
312
199
195
266
285
237
232
254
244
223
214
241
245
211
313
213
305
256
253
330
234
263
263
300
262
297
276
853
771
886
854
768
775
713
787
769
795
865
826
928
1438
653
594
546
602
491
373
460
837
915
748
860
715
809
710
863
693
873
733
852
682
935
934
900
881
769
732
810
802
905
809
767
796
749
515
624
603
458
499
469
398
341
368
330
236
296
217
293
279
307
382
279
246
256
310
291
273
308
265
277
276
263
279
314
299
325
281
297
282
376
273
257
300
341
266
279
314
324
284
772
801
860
800
836
841
773
753
805
683
797
694
779
680
812
690
793
697
812
781
791
651
928
802
764
714
782
719
751
600
491
596
393
417
476
821
381
331
282
250
253
243
373
313
361
287
287
343
260
904
810
816
878
736
846
883
802
741
893
780
1021
798
786
772
809
838
840
655
639
610
436
504
464
453
404
420
541
477
396
455
499
417
504
442
467
463
378
438
571
481
478
445
476
583
486
448
517
488
467
498
531
452
495
491
600
458
524
460
586
477
516
413
500
425
378
360
299
261
318
274
304
310
287
277
296
287
271
279
303
334
267
380
266
381
268
346
321
304
332
286
280
308
258
271
375
342
276
279
337
347
359
332
277
354
274
289
361
281
263
316
259
294
255
282
269
306
301
291
296
292
710
734
736
707
782
710
908
783
793
920
801
803
816
715
964
1451
782
803
768
730
735
792
733
724
710
2080
729
756
718
704
786
806
731
561
593
535
346
406
459
410
350
408
486
395
334
633
289
294
283
243
212
298
236
273
224
168
243
278
234
233
226
201
171
294
182
198
189
447
192
183
227
237
273
227
333
364
225
222
299
180
293
288
172
171
189
217
251
268
327
274
169
204
208
258
214
211
309
213
220
245
217
289
373
256
183
301
270
190
181
157
211
280
202
354
364
323
212
208
288
176
287
223
153
221
176
254
319
196
269
273
242
217
790
692
837
730
859
853
835
855
919
770
782
791
822
816
766
824
676
551
541
457
567
405
308
350
433
329
439
364
351
378
434
352
444
372
409
286
374
386
299
429
333
396
358
438
312
491
399
413
416
315
291
336
317
454
337
377
396
432
391
425
376
433
378
448
391
360
382
531
323
291
273
235
273
212
270
625
233
393
280
363
339
281
226
183
246
235
211
286
218
344
238
344
233
239
266
215
294
1087
688
155
178
334
237
268
161
203
194
229
305
456
780
184
209
187
159
166
263
253
148
235
235
194
222
202
216
307
462
243
178
245
221
203
293
209
225
233
165
185
280
164
294
244
279
296
290
228
214
234
239
266
246
229
155
208
269
353
355
201
193
172
177
160
193
164
268
190
308
147
261
192
282
168
260
263
276
167
373
216
364
148
279
155
205
191
169
259
176
181
159
201
229
341
245
169
159
192
349
155
766
719
800
798
713
704
830
833
667
764
750
804
746
848
791
828
710
792
739
755
891
711
850
666
831
732
733
799
894
627
695
584
443
417
451
436
367
303
359
368
316
296
309
300
402
365
312
358
406
363
347
359
328
413
504
384
291
304
585
242
265
243
264
356
259
303
259
330
221
227
299
279
296
343
268
289
263
275
260
242
242
308
247
230
320
316
221
293
259
308
289
379
261
311
232
269
310
251
295
696
809
661
782
830
736
784
798
708
825
740
902
895
826
844
654
883
718
829
825
833
1712
802
585
526
493
594
533
513
646
496
533
510
509
583
463
481
486
480
549
624
619
637
624
599
483
447
588
605
705
380
491
438
380
404
381
511
344
335
345
888
824
808
834
793
829
797
808
726
844
817
549
812
423
446
547
406
425
448
372
247
255
295
377
278
314
876
388
317
306
338
335
266
231
359
347
350
315
280
685
341
319
368
290
316
295
311
308
263
498
268
278
392
270
312
264
319
327
339
296
305
341
298
293
314
309
334
289
238
308
292
261
315
309
343
280
316
299
300
337
271
262
311
302
297
315
286
338
265
273
337
311
362
341
254
348
340
286
331
321
320
307
289
394
365
342
289
335
282
351
271
791
827
862
794
644
844
729
792
688
782
669
910
728
896
798
798
745
775
687
560
593
833
748
958
623
539
638
491
418
463
428
416
325
310
345
306
330
271
339
261
278
291
243
290
322
255
260
257
300
272
266
339
256
226
278
278
254
257
224
329
216
263
293
278
270
208
221
319
395
313
277
269
422
330
274
320
272
357
264
338
346
276
308
355
320
300
315
355
351
382
365
1144
361
837
732
804
718
798
711
804
728
782
849
1049
904
919
783
806
718
885
726
719
687
781
544
582
649
405
375
464
374
360
333
302
312
290
300
281
297
298
285
311
271
642
302
323
295
366
303
363
272
235
323
315
256
308
351
254
346
273
281
306
304
252
336
282
330
234
341
254
371
255
352
253
316
283
290
258
301
281
317
334
271
322
237
265
365
305
277
358
259
339
277
273
274
268
304
319
333
289
299
338
293
311
365
318
374
281
287
261
334
298
314
223
319
380
311
294
384
296
354
287
295
315
306
263
721
729
798
783
713
689
775
756
845
1804
736
643
608
795
734
762
787
780
847
734
823
724
832
639
657
611
484
581
530
521
497
500
513
516
950
548
557
742
556
610
579
973
641
647
681
560
640
591
600
536
594
554
587
617
646
469
1073
467
468
452
475
371
327
443
466
484
419
510
457
493
419
454
509
437
385
450
437
466
425
425
407
464
858
432
424
451
402
435
457
396
497
488
483
462
366
465
512
535
430
479
454
490
401
442
487
446
406
377
380
407
413
402
391
455
475
453
507
395
477
385
505
427
378
374
470
515
462
510
448
451
376
422
430
376
446
370
515
487
398
475
457
376
495
420
471
451
497
525
391
423
448
414
373
309
358
285
300
302
299
276
290
294
320
272
305
325
289
308
245
329
322
314
318
293
260
311
385
273
279
1303
286
309
326
283
337
300
287
277
285
274
340
279
363
345
318
313
251
284
285
279
298
300
271
289
816
765
846
782
809
824
744
867
1229
1015
815
901
959
951
820
890
857
761
540
558
408
503
508
419
430
345
395
322
447
289
330
341
354
337
400
391
379
363
375
446
338
369
321
320
382
438
439
331
398
412
437
494
298
306
380
421
355
413
355
342
377
353
331
352
356
299
343
278
371
339
394
425
331
418
329
445
392
354
387
437
397
328
380
377
442
410
369
391
373
365
384
357
444
330
374
317
321
331
343
261
263
279
247
331
332
343
250
228
234
216
218
215
227
193
232
201
225
236
219
240
186
367
282
241
763
701
752
787
893
707
888
788
791
792
922
883
898
839
918
767
821
2800
561
651
398
380
372
480
385
868
406
354
326
369
355
357
337
268
349
367
352
346
336
313
350
504
368
337
298
427
885
758
754
684
643
734
726
739
747
831
1270
779
688
982
676
754
1440
739
733
778
837
720
789
634
555
656
594
613
586
436
404
403
450
408
437
461
456
463
457
464
486
393
378
352
362
369
444
551
406
716
413
502
481
470
438
383
474
428
481
475
429
468
374
417
381
360
456
389
351
352
476
467
457
489
475
529
415
482
411
485
445
468
451
423
413
392
508
426
415
457
441
425
445
438
409
439
472
436
487
455
444
474
572
482
451
444
497
484
462
480
507
420
461
479
457
513
475
446
420
365
441
366
409
386
410
457
404
433
436
391
458
438
432
465
397
429
410
444
361
484
507
476
457
423
383
355
478
479
456
498
423
476
449
407
514
454
419
425
418
451
560
485
425
461
512
416
455
401
446
438
404
395
440
460
365
466
440
374
377
371
479
472
441
471
453
531
570
426
405
448
468
369
456
374
432
424
437
403
423
419
398
459
492
388
423
362
408
451
396
412
382
500
451
391
445
376
362
362
494
442
453
373
373
495
438
405
450
351
405
490
510
422
378
426
390
432
394
405
431
464
439
460
446
401
454
440
476
427
408
378
445
496
481
455
379
491
349
474
469
447
372
485
482
361
502
414
403
398
553
459
439
477
356
486
361
455
439
437
431
479
470
416
423
433
1202
541
383
340
367
443
438
482
489
468
402
508
494
471
372
386
446
387
408
408
420
388
430
384
368
474
378
381
409
494
440
384
364
372
424
444
1117
398
396
477
388
469
353
463
541
456
377
545
455
357
470
395
424
471
383
451
376
455
371
512
458
489
400
418
441
450
403
429
453
389
439
380
420
368
445
354
427
407
497
1405
461
467
414
521
509
472
446
538
407
526
390
506
383
515
453
401
439
372
460
469
401
404
401
374
369
412
429
378
390
438
496
480
453
439
478
487
433
513
1199
496
441
448
437
531
636
465
448
410
481
516
406
489
398
420
442
451
399
470
396
529
358
420
484
448
447
379
804
498
424
435
454
446
396
391
396
465
518
414
477
453
419
398
397
430
380
479
421
412
394
737
919
766
878
665
794
696
821
553
647
521
436
417
491
380
491
436
456
580
515
479
475
422
415
483
497
936
474
418
488
447
432
440
529
545
406
440
478
474
379
470
371
493
391
435
498
521
411
424
470
445
443
408
440
368
415
351
452
452
443
466
433
522
482
458
487
391
434
483
377
498
360
456
366
480
347
482
536
932
467
402
468
402
440
402
411
434
433
414
446
471
411
403
486
439
436
439
379
503
509
397
482
451
438
439
429
432
402
424
436
417
475
421
460
428
434
450
452
440
415
373
439
425
446
440
479
415
478
424
536
465
492
457
377
422
449
431
485
485
434
467
512
458
497
499
432
459
348
411
438
509
499
428
405
455
419
436
425
405
372
354
452
443
461
473
426
931
746
885
718
902
772
894
773
877
821
919
898
807
623
561
679
479
451
406
401
340
364
428
392
477
470
473
444
496
463
541
363
491
453
382
462
463
421
513
455
419
378
489
427
475
1118
431
396
485
416
463
378
353
389
447
443
408
381
379
440
473
430
493
462
415
379
419
499
411
482
337
426
363
406
423
434
367
348
345
299
399
298
349
333
306
276
224
299
279
311
210
315
268
399
244
218
184
219
264
206
184
229
209
345
256
195
283
241
205
223
257
675
286
258
233
217
194
260
179
300
310
284
250
190
221
236
231
226
227
274
233
263
241
234
228
209
303
298
244
297
223
400
285
926
834
739
788
708
865
708
710
782
720
727
761
760
743
839
786
804
753
745
827
782
751
795
726
582
453
553
371
422
418
414
357
317
331
334
350
326
289
255
237
234
202
188
260
288
194
251
335
223
283
239
350
275
187
313
196
201
198
159
170
217
162
216
190
219
246
188
164
341
253
204
168
140
161
202
164
290
564
613
271
204
306
239
301
241
272
195
301
231
191
310
206
261
283
232
306
286
288
299
297
325
283
329
340
320
245
311
242
285
311
295
292
332
228
332
265
302
272
316
331
318
312
282
238
269
311
366
243
310
726
675
778
732
770
793
786
803
778
694
782
715
838
753
871
770
882
700
852
840
810
692
636
705
687
804
789
809
686
824
803
733
840
743
676
731
560
454
436
467
452
382
417
447
415
458
485
397
481
453
432
460
482
471
522
399
468
414
439
382
507
396
414
354
347
394
438
459
469
466
467
499
455
411
414
356
406
389
478
449
427
411
433
349
422
500
464
392
433
416
444
453
428
476
500
494
406
498
417
409
392
447
462
616
665
538
386
456
397
444
442
1333
413
581
406
459
457
432
491
434
429
409
413
397
411
560
553
1009
601
430
442
544
439
487
434
408
408
373
429
420
406
444
516
410
405
387
473
400
446
381
440
407
418
416
397
371
394
420
375
504
395
387
541
443
435
386
413
381
442
447
415
481
427
435
438
386
398
884
385
418
325
415
448
435
456
397
463
463
385
492
403
445
474
507
422
431
388
316
429
411
422
407
461
514
378
426
379
410
447
517
511
383
429
430
445
457
394
370
522
446
376
281
324
333
344
326
301
283
252
268
269
240
227
198
266
275
272
224
237
194
193
214
274
250
196
163
223
199
251
189
189
188
179
565
379
277
203
289
206
238
386
287
190
209
162
631
1124
814
668
685
809
861
862
886
841
797
715
847
926
856
852
769
826
870
778
829
870
844
736
856
806
765
851
788
728
825
811
760
860
718
572
599
614
600
581
551
599
562
544
664
413
829
441
413
335
287
271
359
249
301
275
245
261
324
315
324
