346
223
229
212
198
226
233
195
207
241
229
199
214
196
167
165
154
158
153
151
154
181
168
173
150
165
197
174
161
178
273
216
177
188
195
223
201
199
182
170
167
178
193
234
216
212
159
155
158
158
142
159
157
160
172
159
161
154
151
161
153
156
151
170
184
194
291
261
221
164
164
183
185
155
206
198
190
186
188
189
190
179
183
189
193
166
180
168
176
206
184
180
161
157
139
147
142
145
154
137
142
145
143
145
141
145
137
152
136
150
154
154
142
142
162
160
156
162
153
150
140
153
142
145
140
162
209
160
161
148
150
137
149
148
150
142
148
181
144
141
144
176
147
131
142
142
137
138
142
145
151
139
145
137
148
150
132
119
125
114
132
184
148
130
127
138
123
181
131
128
128
124
128
133
144
206
187
205
146
136
130
140
126
138
129
132
138
141
158
145
135
115
114
116
171
119
152
200
145
152
159
131
156
129
142
127
138
133
147
151
159
136
130
133
139
143
142
122
118
161
140
199
150
152
139
121
127
120
123
117
1778
221
191
152
135
131
127
147
113
110
114
115
114
111
110
129
131
160
175
131
126
121
119
115
108
110
115
110
109
109
111
161
188
147
132
136
121
193
114
110
111
110
110
113
111
112
114
111
112
112
113
116
116
236
176
155
176
165
157
145
162
123
121
132
131
127
244
125
115
134
163
195
149
240
155
156
168
158
165
152
147
142
771
156
126
152
334
169
158
164
156
186
146
177
148
150
142
137
133
133
132
136
133
139
138
134
209
130
153
135
197
148
138
143
132
132
125
122
121
114
116
115
114
117
113
114
114
117
113
112
113
113
111
108
116
146
114
117
112
109
111
107
112
141
122
110
115
109
160
142
112
109
107
112
110
203
146
198
131
140
116
131
141
132
135
130
132
135
127
138
121
126
185
121
118
189
116
119
134
154
142
153
144
151
133
143
125
136
116
154
186
173
216
159
162
142
324
282
182
163
170
162
167
131
165
143
135
140
152
131
135
133
142
137
131
133
124
142
143
137
139
150
217
177
154
132
130
143
120
133
112
120
116
119
112
110
117
115
115
112
114
125
114
119
110
112
146
111
118
113
113
110
112
142
116
114
110
110
109
151
113
147
118
110
113
109
110
109
113
120
181
221
334
202
312
199
145
130
118
170
137
134
136
119
118
130
172
145
174
137
179
225
159
151
156
175
128
129
129
134
116
664
271
132
131
147
148
127
149
143
133
138
125
119
137
116
154
150
204
207
250
262
235
231
314
236
302
300
178
182
169
175
153
159
175
144
148
149
135
145
143
144
114
143
139
135
145
216
132
139
129
142
166
116
114
122
119
122
110
122
116
114
115
116
119
110
123
114
115
111
158
126
116
111
120
111
116
155
161
183
153
152
145
138
144
166
152
148
147
159
157
140
153
140
139
145
124
128
113
121
125
154
129
150
198
157
136
162
130
142
133
149
132
142
128
154
144
121
134
136
144
166
160
145
178
135
150
139
174
174
268
185
146
142
242
167
161
210
145
130
141
125
152
145
198
142
161
303
146
150
247
151
163
132
121
119
119
141
130
128
160
145
279
169
234
171
267
159
265
136
155
148
139
114
121
113
157
116
119
161
113
117
159
112
116
113
114
115
113
208
168
202
145
140
172
187
116
124
112
138
127
121
117
114
115
191
137
169
176
133
251
160
162
161
168
151
153
164
159
194
202
191
196
189
122
151
141
146
308
141
149
135
141
122
137
119
128
205
152
156
163
150
149
163
170
222
146
194
253
163
141
173
148
165
148
115
145
130
164
136
150
125
133
122
139
129
129
162
122
160
117
108
111
116
109
107
115
115
115
110
112
138
115
110
159
170
189
155
153
146
135
127
120
120
163
128
134
129
162
171
133
148
171
159
167
127
194
324
193
179
213
148
171
132
144
139
125
175
137
135
134
133
122
177
115
145
182
128
166
113
133
148
172
135
140
124
143
136
1740
197
160
164
145
135
193
140
4463
371
251
230
227
185
174
172
157
151
166
154
172
186
161
831
254
216
213
183
219
171
160
248
907
172
227
183
142
137
126
134
133
124
213
142
148
122
119
175
129
157
132
127
128
130
139
119
125
166
117
167
123
227
182
154
274
128
187
224
144
163
262
155
149
173
157
153
146
149
139
143
1941
169
218
137
141
131
112
179
145
123
134
145
131
129
132
133
131
134
119
132
125
148
190
142
149
219
229
146
131
178
188
145
134
156
146
143
146
139
137
156
139
149
160
160
146
164
145
151
145
150
130
256
179
144
1084
157
152
163
181
156
139
193
140
177
181
157
149
165
2292
176
538
193
178
152
149
142
121
128
151
451
127
179
143
123
163
134
119
129
125
156
171
137
165
132
126
135
127
163
157
153
139
134
125
193
137
122
147
134
128
126
153
129
138
114
139
143
133
141
135
281
125
149
143
134
195
174
155
160
136
216
143
134
131
128
134
134
127
127
135
176
275
134
136
131
182
150
145
171
192
151
163
214
148
205
498
170
148
207
143
159
153
145
207
203
245
195
193
133
124
118
185
141
129
138
131
172
125
125
121
124
124
134
180
143
124
127
148
139
119
142
177
231
147
184
144
162
169
153
135
131
133
139
191
188
137
139
122
126
179
124
120
120
116
119
120
122
117
124
119
122
127
187
123
119
120
117
119
118
119
120
118
164
121
124
118
115
118
119
117
118
118
119
117
131
118
120
120
119
123
122
121
165
169
119
118
121
124
117
117
123
120
120
162
134
141
175
177
123
189
184
199
158
177
239
163
144
205
172
161
152
222
151
158
166
427
149
148
316
221
149
151
146
148
144
163
153
142
1761
290
226
196
164
262
156
136
191
155
162
151
141
135
130
141
181
209
241
141
191
179
263
147
143
137
142
146
220
157
151
152
152
162
159
161
144
198
145
188
174
196
139
180
1738
266
155
145
139
154
215
188
134
189
225
134
176
166
204
140
135
142
144
133
181
127
165
191
167
200
226
185
142
183
175
179
182
135
179
171
173
328
165
162
201
148
142
178
138
128
129
181
131
271
264
154
212
195
225
318
148
141
179
142
134
147
185
129
182
1702
186
223
138
173
175
168
202
176
168
164
168
164
171
169
165
165
166
162
186
153
133
146
229
160
142
138
181
166
166
124
192
125
162
162
161
163
160
162
163
148
244
148
213
207
201
209
193
241
209
181
180
269
192
148
174
150
183
184
175
169
133
125
149
739
136
189
175
167
191
143
181
246
176
133
180
144
1623
167
130
142
130
204
129
184
179
128
211
169
170
169
162
163
164
167
173
170
163
160
165
167
163
164
199
191
193
160
197
186
214
129
180
166
179
127
171
121
154
124
161
202
158
143
161
140
142
211
216
191
203
159
153
182
239
180
182
165
182
167
174
172
155
140
200
195
231
224
210
204
194
219
948
147
143
185
340
238
205
232
199
244
1778
197
169
181
167
163
176
166
186
167
171
167
143
132
168
163
172
195
132
191
135
190
261
188
176
173
162
163
158
159
166
159
158
158
165
158
161
173
241
205
216
189
185
192
230
183
180
178
174
188
168
179
169
153
136
138
194
183
195
197
136
715
172
254
207
238
212
165
163
202
147
178
185
2144
265
187
177
171
196
166
174
162
162
163
164
158
161
160
157
160
159
156
121
159
161
157
335
229
365
244
349
253
350
217
235
185
165
179
163
174
164
169
162
196
172
160
187
214
170
213
202
206
173
176
193
236
193
174
176
175
171
188
170
178
215
149
184
186
181
177
187
178
177
180
178
181
186
137
125
169
167
167
167
164
167
176
176
185
166
164
164
174
161
164
161
161
169
166
171
164
165
161
170
163
165
178
178
204
213
175
147
139
181
183
188
200
223
154
150
218
216
160
222
144
186
176
187
165
191
202
256
188
197
171
158
200
204
196
153
174
209
197
1088
246
206
148
237
194
204
156
221
220
211
194
166
163
206
303
228
203
168
203
172
204
169
324
272
157
198
183
312
178
171
175
163
173
168
174
207
194
1413
208
186
173
166
165
193
138
176
166
198
212
170
171
166
181
169
165
137
124
173
211
166
163
161
165
164
186
199
180
171
172
182
173
189
180
172
165
179
161
165
164
206
262
206
159
150
145
181
207
134
127
174
167
185
1187
199
197
237
189
192
195
176
179
171
136
181
1869
286
200
192
236
192
190
221
150
183
180
243
133
167
167
167
181
171
164
178
191
170
169
170
167
164
233
179
186
197
161
165
7279
344
159
228
218
220
167
159
232
230
232
217
162
243
188
188
191
230
188
203
184
179
177
179
184
202
199
175
169
177
247
1944
303
199
181
170
174
181
164
178
167
173
194
291
202
286
238
210
196
198
223
195
164
185
188
214
197
216
187
192
178
171
181
216
174
1166
228
196
236
158
205
189
192
215
186
196
197
1670
181
168
375
155
142
177
192
185
192
176
190
178
186
182
181
204
182
313
147
192
177
167
172
196
170
172
162
166
164
159
161
163
182
152
195
184
180
220
200
206
203
165
187
177
172
171
168
177
179
222
202
184
180
179
177
195
197
1126
179
222
207
171
225
184
242
242
212
188
203
211
197
195
195
192
269
194
192
217
239
158
172
174
164
167
163
161
169
162
163
162
190
171
171
163
159
163
199
200
192
203
279
411
190
339
201
299
184
211
207
186
186
168
178
328
201
170
290
237
157
197
205
175
176
212
251
187
198
205
198
185
207
178
234
175
193
166
182
163
181
205
171
226
185
174
183
165
179
163
178
169
187
177
178
201
203
181
182
189
219
188
196
191
203
176
209
177
198
180
192
176
195
188
186
269
206
241
193
183
186
182
194
187
211
279
212
260
187
239
200
299
228
355
179
284
168
289
155
238
216
229
221
386
168
252
217
214
231
212
303
254
215
211
225
217
283
248
234
399
176
210
223
190
177
183
361
163
210
207
202
206
186
195
210
970
195
184
368
187
190
254
211
212
239
173
1951
312
195
193
184
232
180
199
181
175
170
174
176
212
192
175
202
193
184
203
159
216
204
194
206
288
159
225
202
195
185
381
232
199
180
185
1131
219
197
325
212
226
269
205
289
222
1536
146
251
187
307
151
184
182
173
191
187
183
180
179
177
202
192
200
178
208
226
212
208
199
247
194
178
211
196
208
197
203
210
201
246
225
206
204
204
216
193
198
195
253
227
236
193
230
191
201
248
195
184
213
208
196
199
218
201
214
185
401
238
213
202
197
193
185
1810
223
187
186
242
204
177
183
174
178
174
183
176
185
176
187
171
179
180
211
208
166
221
207
227
156
202
176
181
171
174
190
193
183
176
176
171
172
200
191
171
212
218
210
210
299
203
193
193
185
192
203
204
199
194
187
193
205
180
187
186
1082
201
193
217
252
394
216
294
197
291
179
1741
236
216
197
200
192
192
174
174
171
174
169
170
176
172
176
209
209
269
218
251
195
177
172
179
170
176
174
168
184
183
177
222
273
213
274
217
269
144
208
212
194
195
253
180
229
242
197
183
180
184
187
193
201
256
232
299
232
204
203
196
218
201
226
191
181
178
180
173
185
177
1700
237
210
188
183
174
181
188
171
234
185
187
189
221
172
223
175
271
230
202
219
275
206
234
186
220
184
219
183
226
182
224
186
230
185
284
203
271
218
257
232
238
220
324
188
185
203
246
198
243
203
189
227
198
194
201
185
188
183
186
179
192
190
183
182
183
178
182
185
197
183
187
192
250
182
182
183
188
234
182
186
183
185
188
176
180
175
181
194
182
184
178
191
181
213
200
178
197
198
233
209
230
237
333
231
217
242
196
231
190
229
275
253
199
244
194
243
203
178
193
220
198
1215
214
553
302
208
224
222
195
197
220
198
214
246
1033
160
198
252
254
216
214
188
188
194
194
209
237
228
236
220
186
240
280
211
253
188
192
211
197
196
191
248
205
204
218
209
198
198
197
244
175
207
180
251
193
190
179
178
182
177
178
177
175
180
183
227
285
251
238
224
184
200
242
203
193
179
183
216
197
243
240
234
240
167
205
199
185
376
306
144
274
246
263
206
201
205
191
177
238
200
2020
235
214
185
179
175
185
237
194
176
189
200
217
285
228
244
209
253
233
230
206
249
202
222
213
251
216
193
301
5790
597
262
238
249
235
252
290
235
294
193
264
252
246
360
267
256
241
241
213
216
190
191
243
199
220
220
210
192
200
234
266
240
210
223
197
218
287
1571
233
202
198
234
253
203
194
186
239
202
185
192
187
184
192
184
189
190
270
288
199
329
397
245
220
213
254
231
244
233
203
203
197
330
202
235
213
199
289
191
1805
235
255
184
212
200
212
206
243
232
203
205
189
195
195
196
173
198
174
179
177
176
174
176
182
204
214
198
230
192
192
240
198
186
187
188
184
204
245
237
166
204
191
213
189
179
184
356
1278
234
224
213
211
202
201
207
212
219
209
209
351
213
239
231
253
232
224
213
196
203
247
190
185
182
189
176
181
178
181
225
207
247
201
261
202
240
207
202
197
185
182
180
184
178
179
178
172
176
230
180
173
171
176
169
246
286
217
212
283
164
201
187
217
271
256
200
301
258
201
190
178
176
177
173
179
172
183
229
178
172
172
177
185
225
206
174
201
299
193
210
188
201
182
228
193
186
184
225
191
178
180
201
205
188
199
188
236
209
197
186
217
209
216
222
273
194
192
198
193
187
179
190
190
194
341
204
248
223
224
225
230
202
596
210
340
220
312
203
348
342
316
269
226
216
1362
266
259
215
269
254
302
197
226
335
269
305
200
839
228
269
245
262
372
237
319
187
246
387
309
307
314
309
143
218
260
179
179
310
185
173
174
174
166
227
176
165
220
175
185
250
182
238
187
238
232
238
315
220
198
183
193
244
189
288
252
245
259
244
229
191
236
238
243
491
178
190
344
213
217
188
227
214
192
1743
240
218
189
184
186
176
238
181
179
211
221
225
214
213
198
192
193
185
268
177
178
225
184
174
221
175
235
264
277
266
244
237
198
181
196
174
268
241
211
219
247
218
216
227
207
196
254
187
1201
344
278
339
214
353
213
256
387
152
196
427
145
246
218
229
260
224
190
181
240
178
172
176
174
168
223
178
178
180
204
251
215
203
252
227
187
185
184
196
235
186
181
181
179
176
195
360
210
194
213
250
243
189
243
181
238
229
254
200
293
212
223
262
217
226
207
271
222
182
253
281
234
210
251
299
214
198
197
189
247
199
202
2057
276
211
195
183
178
175
173
208
215
229
227
185
235
205
189
279
226
206
185
195
184
231
185
177
175
220
169
218
172
174
177
180
213
247
305
255
178
216
220
237
235
201
262
268
224
342
252
321
240
901
259
237
1261
1888
294
229
254
197
203
192
200
211
190
195
195
211
196
194
244
182
192
220
199
186
183
253
198
183
176
187
227
188
232
226
225
235
226
229
247
304
254
222
301
223
218
214
219
213
222
208
197
195
194
183
197
181
235
266
229
213
207
271
226
243
241
242
191
184
240
184
237
233
240
186
301
236
252
186
263
234
184
246
211
190
205
236
190
223
211
202
190
198
260
211
200
201
212
246
192
271
201
281
259
258
258
265
262
233
317
232
233
237
585
156
220
244
227
211
198
190
269
209
1823
412
225
205
193
247
203
195
235
239
194
180
220
182
238
234
227
282
324
211
294
173
1122
455
202
261
242
187
231
225
273
414
336
326
351
177
373
172
305
219
228
233
220
224
245
181
227
186
218
303
233
202
233
242
244
252
229
214
198
182
233
197
273
225
202
260
239
193
231
237
1083
235
233
397
236
264
202
231
216
1923
182
281
208
192
235
211
169
227
182
186
240
200
253
230
217
227
265
231
217
238
229
178
216
229
290
209
284
224
287
219
249
317
281
159
212
207
205
249
247
246
201
252
290
186
292
254
154
248
238
311
280
366
172
236
276
208
253
243
242
242
242
252
208
219
237
261
216
269
256
260
217
223
238
229
229
213
254
260
251
263
262
329
300
249
450
245
347
266
282
270
244
248
251
237
460
519
228
261
205
205
207
254
236
247
219
195
191
267
200
312
235
246
245
202
254
201
1292
287
331
217
250
295
206
224
198
1557
235
227
248
231
218
234
388
173
243
186
201
200
195
176
231
172
240
192
237
246
251
237
257
221
254
197
251
259
209
207
240
223
247
280
201
190
246
186
180
238
198
309
252
257
200
199
208
188
390
205
244
241
194
236
186
250
238
315
191
247
239
251
237
205
255
196
236
230
186
183
233
221
230
226
217
292
246
282
266
224
219
212
215
212
246
251
185
234
224
242
195
261
245
226
224
245
227
394
207
261
264
218
219
211
199
249
246
233
252
247
241
240
233
224
222
199
235
242
185
233
180
261
244
240
229
266
225
231
224
223
216
237
222
218
227
238
222
239
255
234
240
266
203
252
203
232
215
245
195
209
251
240
181
231
189
255
225
247
275
286
279
242
248
226
222
234
202
706
147
293
294
262
304
239
233
250
300
322
268
380
231
260
337
144
246
253
239
400
126
223
184
238
222
198
259
235
210
190
881
236
285
265
255
229
216
188
218
213
1995
490
291
239
214
221
225
231
226
219
188
219
222
231
230
284
261
250
333
239
250
248
239
238
225
268
257
196
260
252
229
231
780
264
346
317
345
373
267
330
234
1397
204
439
160
257
233
239
229
199
237
235
238
222
237
238
224
222
240
227
221
216
216
225
216
249
268
289
245
243
235
245
241
255
224
220
273
240
290
254
253
248
237
243
832
223
198
312
220
272
250
246
250
247
1793
305
239
228
224
221
220
223
222
188
229
221
213
218
219
193
269
200
242
265
293
251
254
232
220
224
227
219
220
299
241
262
189
227
265
221
318
271
241
254
221
256
227
299
265
237
249
246
425
179
210
232
251
268
337
212
228
276
264
255
233
218
282
234
265
318
407
278
303
252
256
226
231
243
228
244
189
237
239
204
244
237
277
260
267
258
275
246
283
227
273
242
215
226
262
232
270
318
282
309
215
245
239
267
216
268
254
228
241
206
247
239
206
331
192
238
234
248
252
240
244
274
254
221
257
259
250
246
1930
175
308
233
223
229
236
237
245
252
235
279
240
256
212
214
236
228
224
187
234
228
250
234
261
257
255
322
334
292
311
352
271
278
239
217
299
264
276
264
267
296
233
215
255
262
263
249
228
243
231
243
226
256
230
249
223
286
225
276
248
260
224
234
252
238
200
235
252
237
250
230
240
321
232
241
266
277
253
264
287
280
266
279
246
268
242
217
302
273
345
265
262
249
246
227
213
607
170
236
228
196
356
238
234
232
254
230
325
237
259
266
250
536
158
252
351
281
251
254
254
378
299
349
267
355
244
205
247
241
411
230
262
238
242
269
266
353
272
289
1629
394
158
286
248
228
247
260
215
252
268
261
281
253
338
307
249
288
245
394
320
303
273
245
235
237
1334
307
284
260
252
251
258
248
201
304
273
243
231
276
236
238
235
324
213
275
233
231
206
275
268
457
184
191
268
236
202
211
233
242
223
226
241
212
234
283
241
227
255
256
245
4252
354
823
195
431
158
260
457
153
257
450
152
270
446
148
247
446
167
233
257
264
284
266
275
273
301
360
268
263
267
256
261
263
243
266
257
266
246
282
1018
360
316
277
264
263
207
235
231
227
264
294
259
313
242
246
240
230
297
628
283
307
211
249
260
249
248
291
1833
256
262
242
237
238
235
248
525
156
250
235
237
227
222
231
228
219
219
227
221
253
287
316
319
277
206
261
256
239
237
233
243
263
277
278
260
277
265
274
259
262
263
246
277
254
303
266
287
260
230
235
219
1901
335
250
228
267
244
235
246
245
238
270
259
216
324
270
277
251
273
233
270
254
277
232
281
235
338
294
403
297
324
342
275
256
239
295
286
256
273
442
147
283
246
231
233
246
251
241
242
249
242
250
267
252
242
303
230
233
246
226
249
226
210
248
277
202
277
243
247
244
251
220
250
239
280
243
284
287
268
267
269
295
252
297
227
271
294
265
238
250
241
308
288
303
342
272
328
229
264
274
317
249
286
264
263
288
264
271
431
284
1951
524
287
266
252
294
262
267
252
248
224
272
304
271
276
237
244
315
265
330
277
299
242
237
200
353
285
250
241
239
241
242
293
235
290
326
253
258
243
296
244
280
224
252
235
230
281
284
275
287
268
260
254
230
270
1177
275
346
234
236
288
244
226
236
1848
378
241
248
267
231
271
243
266
237
231
225
277
225
228
222
224
223
229
220
260
263
277
306
236
248
266
254
288
264
251
401
272
245
267
243
260
279
280
261
247
269
339
261
269
267
238
270
250
295
1481
320
393
244
218
225
222
218
280
248
225
245
230
234
257
261
216
249
258
255
246
247
224
229
231
229
238
306
198
257
241
249
249
300
228
298
262
233
238
363
322
406
266
353
1232
274
285
274
291
418
317
282
2133
261
254
298
262
285
220
274
221
220
238
223
295
309
279
270
263
299
243
268
228
270
233
273
225
288
231
267
263
359
255
267
228
242
300
257
242
250
280
320
295
395
408
328
307
1107
290
312
317
294
259
251
291
266
319
279
253
254
238
255
238
237
268
293
227
203
233
224
269
243
335
198
261
249
233
229
219
227
224
229
219
222
253
233
316
265
365
322
289
370
266
267
259
297
305
244
301
322
294
226
227
238
230
229
227
228
228
222
228
220
223
216
240
221
256
293
274
258
251
256
284
262
286
245
240
249
231
227
223
273
237
232
240
261
252
261
261
216
245
226
245
257
294
255
257
235
259
233
228
224
226
225
225
221
280
286
262
285
251
245
229
296
234
292
268
277
284
369
264
253
260
298
415
280
373
334
277
254
256
250
318
223
295
281
263
246
290
265
322
261
265
288
252
927
465
335
286
477
298
325
246
310
470
351
350
349
179
361
278
381
317
193
268
259
250
264
239
351
269
327
293
260
236
291
227
318
267
258
300
294
274
249
280
239
309
281
249
246
248
344
254
255
217
258
254
234
255
257
256
238
246
298
270
252
439
162
263
240
252
265
236
226
232
309
260
289
230
269
272
373
309
311
406
271
269
246
299
270
248
246
257
237
300
4224
759
384
382
377
372
197
293
312
417
287
372
242
267
259
255
236
243
225
274
228
244
283
300
315
332
304
248
290
306
352
318
274
284
271
291
263
281
395
293
330
307
271
303
253
290
244
278
280
318
255
304
364
265
291
511
179
278
258
249
244
292
276
244
287
323
315
258
237
232
232
282
230
242
226
272
237
208
250
346
275
305
275
250
277
256
251
251
261
347
289
290
286
249
275
1254
357
402
319
298
269
240
1936
332
287
231
234
229
226
225
221
277
230
228
308
253
262
251
333
235
231
222
232
220
264
228
219
225
317
312
279
280
270
261
274
331
563
275
290
295
272
276
291
251
233
256
255
251
234
236
235
234
231
239
232
237
232
232
285
238
235
230
239
231
228
283
230
241
232
281
227
228
232
232
233
257
248
240
238
233
244
283
263
252
236
260
233
251
256
257
331
250
249
243
253
227
269
241
249
257
268
241
289
277
288
397
321
351
275
521
167
310
265
299
249
284
269
295
357
318
362
1295
405
311
295
267
275
326
339
284
275
244
294
292
356
1047
339
468
473
328
378
2247
775
290
284
258
274
253
253
245
311
314
275
401
270
433
271
325
503
176
304
305
313
296
269
257
240
1955
387
289
269
313
252
246
234
224
274
250
242
253
241
224
222
236
284
313
310
272
273
312
247
269
286
375
301
297
291
245
238
289
1171
422
271
264
275
286
244
292
253
1996
349
238
236
231
274
228
227
232
224
247
303
293
269
280
279
273
227
265
223
267
225
264
221
261
243
262
234
274
272
248
326
267
263
253
314
410
331
409
252
924
379
285
299
286
255
242
274
243
2036
371
238
237
228
245
230
237
234
226
243
225
224
226
258
228
280
303
245
365
265
237
227
233
228
224
224
223
237
302
316
390
256
261
281
275
274
231
305
336
287
305
320
276
345
302
277
250
305
290
262
273
288
283
268
261
232
279
316
262
255
247
248
303
231
255
249
264
272
251
276
240
247
288
270
279
289
288
238
224
270
224
215
218
215
259
273
234
304
338
328
325
273
271
301
342
310
243
338
280
263
279
287
277
287
250
236
239
279
232
283
229
267
226
274
277
270
286
302
274
239
254
236
232
237
239
236
237
297
292
235
286
303
239
250
240
296
299
298
291
252
307
306
293
247
298
312
252
233
324
254
286
236
303
298
638
320
349
348
327
308
298
364
346
308
329
308
2304
357
742
324
321
314
303
309
359
256
285
913
346
310
411
423
474
379
330
300
296
296
302
294
293
255
312
319
290
249
246
354
291
292
250
261
256
246
275
336
246
294
277
276
279
342
281
273
263
271
314
257
274
243
281
281
291
310
579
374
379
193
240
303
255
275
270
379
293
294
251
344
295
287
240
287
237
272
261
306
307
261
242
291
281
316
289
237
344
313
377
291
281
282
276
276
281
4741
665
309
291
298
286
296
247
295
322
301
382
369
331
248
321
251
249
241
238
266
249
245
284
351
363
368
370
315
286
298
315
284
306
337
286
309
307
307
313
269
279
255
258
1853
371
278
258
228
240
274
268
262
270
235
236
274
266
236
245
260
355
280
267
256
283
277
229
237
288
295
280
294
263
245
255
382
316
304
260
293
246
239
295
346
293
296
302
297
300
791
301
456
288
299
255
307
252
1954
394
280
300
292
238
284
288
278
271
304
308
283
305
265
256
258
298
272
253
229
283
269
300
351
342
415
308
311
336
480
303
306
305
287
281
354
263
242
276
285
281
277
318
284
316
301
284
290
294
278
254
241
239
238
291
245
287
229
299
277
314
291
259
331
268
288
303
274
311
287
278
276
278
278
287
283
279
233
297
282
289
276
285
286
243
313
294
305
291
305
289
239
282
629
285
313
284
274
287
294
312
370
2120
943
389
342
307
672
472
629
367
421
345
358
452
313
329
1950
299
534
389
297
348
268
345
309
283
347
302
309
289
277
240
280
274
364
300
258
279
283
434
280
261
293
286
293
305
292
362
292
287
307
290
285
274
307
288
321
279
346
293
332
289
336
237
322
252
335
241
275
308
316
335
301
368
301
277
301
288
291
329
302
455
313
315
1117
171
350
303
302
300
320
275
431
180
308
299
351
312
276
314
289
296
262
287
232
297
266
319
301
267
283
290
270
267
265
265
271
263
264
262
300
315
300
282
299
306
305
278
335
292
344
263
321
306
297
1080
352
365
329
321
320
262
1733
313
305
286
275
278
277
271
274
264
265
279
276
344
282
271
255
287
240
269
268
267
274
267
310
316
330
533
145
299
297
272
365
317
386
313
291
329
289
1247
378
300
275
303
288
287
253
1186
313
295
288
296
303
292
299
285
290
284
274
277
348
268
294
325
256
291
287
268
269
270
274
272
274
279
386
337
283
300
249
286
323
473
748
202
418
369
384
454
277
721
289
376
271
265
283
248
319
286
248
281
242
292
338
279
286
300
291
280
292
351
283
301
289
330
311
311
258
299
243
284
297
301
327
308
392
271
315
245
291
241
290
277
294
315
322
263
358
323
309
302
279
283
281
279
346
254
277
277
333
363
343
248
282
273
288
277
252
275
284
293
483
148
356
272
299
313
2023
682
341
273
268
269
285
307
333
280
298
271
228
280
293
286
335
449
420
323
440
301
472
391
323
346
450
477
320
309
301
306
290
348
303
280
358
286
334
301
283
294
286
269
277
306
265
249
307
248
274
279
319
271
281
294
272
317
399
305
305
256
304
317
265
320
305
274
466
180
326
318
302
303
1107
384
348
3771
959
191
307
308
297
436
210
373
379
355
278
302
297
269
291
273
289
302
381
392
437
430
322
313
309
364
338
352
332
1735
255
842
1006879
1024412
1023485
1024431
1023402
1024033
1024031
1024531
1023582
1024187
1023556
1024042
1025019
744
661
643
302
1020354
1024465
1023683
1023881
1024052
1024041
1024030
1024655
549
447
497
493
224
1021035
1023853
1023932
1023981
1028062
1020302
1023740
1023864
1024664
237
1022979
1024289
1023699
1023824
1024415
1023527
1025199
770
539
507
489
211
1020209
1024538
1023851
1023902
1024633
318
1022596
1024000
1026172
828
1021299
1023604
1023928
1023868
1024812
541
435
428
425
448
440
436
182
1019794
1024413
1023852
1023601
1024049
1023931
1025131
487
1022312
807
390
267
268
185
210
191
191
164
178
171
173
157
204
161
166
158
163
161
170
162
159
155
173
358
204
199
190
203
215
202
152
145
169
243
127
174
183
166
216
180
186
165
177
165
164
159
159
180
172
163
199
166
182
161
178
206
167
255
217
170
174
178
251
173
169
168
209
174
200
160
203
164
204
158
203
133
270
181
203
170
226
217
231
167
217
199
203
174
172
151
171
194
162
194
192
214
219
172
184
189
165
159
165
162
162
158
158
159
166
160
157
158
153
162
174
179
159
159
157
206
185
177
157
157
155
171
158
158
156
159
156
159
160
159
159
159
157
160
178
157
156
158
161
191
186
161
168
159
162
177
179
183
190
180
171
156
157
150
154
159
156
172
151
158
153
150
178
154
153
156
157
154
153
152
154
151
231
169
153
165
212
158
145
178
208
170
199
183
171
207
166
165
159
155
162
166
155
156
166
156
170
161
155
156
154
155
153
151
176
155
156
156
157
214
179
155
154
156
169
158
157
158
158
156
157
162
155
153
160
156
156
205
177
155
153
153
149
204
175
151
150
149
154
150
154
156
148
148
152
149
149
148
171
181
164
165
182
165
148
172
156
215
183
152
153
154
153
152
153
153
155
150
154
158
157
169
319
178
192
224
171
217
174
229
209
191
174
166
211
201
233
171
161
160
170
157
156
160
156
153
159
155
159
152
153
190
161
306
168
164
167
169
163
158
171
156
158
156
155
159
158
153
154
157
153
157
152
153
155
206
170
196
180
172
158
162
172
188
177
162
162
162
196
194
194
176
172
225
164
161
185
155
158
156
156
154
157
157
155
154
156
156
155
153
158
211
251
202
199
184
193
184
181
288
181
194
167
165
162
186
190
194
180
162
169
159
168
168
185
179
228
161
169
159
195
188
159
152
156
157
154
176
170
165
159
160
161
158
166
157
159
157
156
160
173
159
159
176
217
171
163
158
157
158
157
156
158
160
156
155
155
159
152
158
154
157
177
170
177
206
178
210
180
162
152
169
172
167
157
154
158
153
159
157
159
160
289
146
184
208
232
194
188
281
181
168
195
194
193
196
184
163
200
170
185
172
160
161
159
155
156
157
153
153
157
263
156
156
175
182
176
158
148
167
150
154
147
154
148
198
165
159
154
180
167
160
169
160
245
119
164
164
156
157
156
160
154
151
200
152
156
163
159
185
192
192
179
178
203
179
205
240
209
193
200
202
218
217
187
163
183
211
161
161
160
215
164
161
168
161
165
164
203
180
178
161
184
165
163
161
163
166
166
205
263
174
224
236
217
176
179
229
216
224
179
208
182
168
164
161
160
160
201
195
189
164
167
172
160
188
188
168
164
163
262
176
245
165
164
165
164
162
160
162
169
166
166
163
161
162
167
191
226
163
165
163
274
199
176
167
172
179
271
183
158
178
176
167
170
196
234
170
207
159
160
152
160
230
184
184
212
161
167
161
152
160
160
163
157
163
150
154
206
194
203
217
172
168
241
172
166
190
199
146
179
175
160
160
167
162
156
166
165
154
151
151
156
147
200
163
156
226
198
189
168
189
203
193
183
167
166
157
330
181
237
158
186
155
151
200
167
214
177
185
166
159
169
238
173
175
160
187
181
197
151
173
160
155
154
154
145
202
158
155
192
158
157
154
151
169
256
228
219
184
174
170
159
156
178
198
159
157
159
164
163
160
238
209
242
189
272
187
185
156
155
152
160
151
153
151
150
200
155
157
155
154
159
181
188
151
200
153
154
151
153
153
158
153
149
197
160
150
202
155
154
198
153
199
157
152
196
165
155
197
160
153
152
155
150
199
157
197
186
214
177
215
158
207
154
207
161
158
203
191
177
167
174
166
162
158
212
159
207
198
196
250
215
159
159
208
172
207
166
207
224
163
163
157
206
166
158
159
202
159
158
164
208
164
160
157
205
159
159
203
158
159
228
162
159
159
167
162
157
160
159
203
163
168
159
204
166
159
155
166
162
162
166
212
162
203
189
165
159
159
160
160
162
160
157
204
164
161
162
168
214
178
211
215
165
209
163
188
165
160
164
161
160
160
204
164
162
160
155
168
162
161
159
299
222
184
217
163
162
234
210
171
167
207
167
164
195
208
168
205
171
207
158
204
162
210
158
202
205
203
196
222
165
222
210
205
201
201
162
218
6214
492
189
187
183
189
181
183
222
182
209
257
202
209
243
261
213
250
216
200
200
237
169
179
244
182
194
221
175
176
178
171
163
195
175
176
165
201
236
214
172
219
189
181
218
235
184
188
175
171
219
217
171
172
214
159
169
250
221
182
161
174
162
169
160
169
163
170
231
214
177
175
171
173
171
176
162
338
210
330
486
235
268
286
226
190
194
187
199
222
172
167
169
224
217
188
177
172
161
213
166
165
164
175
208
170
222
169
163
173
169
177
236
176
370
240
228
215
190
213
176
168
200
247
165
178
188
188
175
202
205
165
190
175
242
178
205
170
166
164
168
164
212
167
161
168
169
156
165
166
182
169
214
176
165
166
212
269
210
207
263
191
292
228
188
240
181
233
229
188
187
217
228
181
226
188
264
202
215
199
183
227
247
201
165
220
167
165
170
209
241
174
215
321
227
361
288
232
182
173
236
170
173
164
166
165
165
159
217
159
211
165
232
173
167
161
164
162
211
162
181
166
167
162
167
167
166
164
162
162
179
165
163
161
164
185
165
162
213
209
171
219
222
218
222
234
290
280
224
219
229
230
211
257
215
177
208
174
209
172
222
177
208
167
247
309
229
235
239
217
213
209
180
173
214
185
216
164
168
165
208
166
207
238
178
197
169
168
216
165
218
196
225
162
204
159
203
158
203
161
201
169
207
172
206
159
197
206
224
177
198
199
254
272
242
254
228
203
218
228
172
212
222
181
201
179
217
224
170
212
194
212
177
213
164
208
212
207
164
172
168
161
164
208
270
336
202
304
229
217
202
249
209
222
213
213
214
216
212
164
215
221
209
217
240
223
228
256
219
223
180
297
218
235
180
231
215
192
215
184
175
172
226
224
172
213
177
221
219
219
213
231
225
190
215
213
232
240
204
194
185
249
180
210
244
212
207
199
207
208
204
204
166
210
178
223
185
229
184
353
208
259
246
184
221
160
212
199
200
199
205
202
197
198
194
196
200
195
194
198
193
226
199
194
193
200
197
191
202
193
188
195
199
201
196
193
193
198
216
200
215
210
206
196
210
195
215
188
227
226
212
210
215
215
216
217
177
224
269
216
196
287
132
235
210
207
201
185
214
201
199
199
201
165
221
221
198
209
341
246
285
277
262
182
227
238
220
232
222
216
210
199
203
201
200
242
224
202
229
170
200
201
197
199
197
199
197
199
193
192
214
201
191
181
212
200
220
196
202
200
196
196
198
195
204
202
196
199
200
194
218
233
193
250
176
219
227
195
233
232
204
223
211
207
205
210
206
210
205
207
173
238
208
203
202
164
251
369
234
274
269
188
224
215
210
209
204
209
207
272
231
190
210
217
212
206
238
226
238
292
192
182
170
238
205
196
206
262
238
212
216
203
207
204
211
220
208
210
178
188
177
215
237
214
218
345
149
265
239
279
252
233
183
237
187
234
234
239
218
228
250
198
278
242
231
229
237
220
226
217
246
233
235
242
234
235
261
385
342
268
231
221
219
207
215
195
256
215
217
234
225
258
239
204
198
294
260
222
211
235
224
232
226
219
212
197
227
225
277
290
226
309
246
241
248
320
236
200
278
215
184
212
224
237
250
236
193
225
298
295
246
251
227
770
333
261
250
262
244
171
205
281
222
280
237
288
224
270
249
256
201
225
231
215
224
260
234
302
291
257
241
262
228
206
219
209
209
209
208
215
206
240
206
171
231
169
203
208
204
216
208
224
206
212
206
173
223
211
212
218
206
206
221
236
193
208
215
206
205
221
217
227
238
280
265
257
237
234
198
220
231
235
219
224
215
215
224
213
213
221
211
202
208
200
199
225
201
201
213
223
233
217
233
213
215
228
196
198
208
198
210
200
210
201
225
196
210
214
225
202
236
205
202
219
217
217
238
176
180
231
207
225
224
220
218
327
227
221
245
232
238
242
203
212
220
197
216
223
281
259
252
259
234
228
203
206
193
198
188
218
205
213
223
222
194
232
194
200
221
211
241
196
208
197
208
192
221
213
207
194
211
235
200
193
221
200
224
222
250
243
265
214
298
219
254
232
224
284
267
194
197
262
410
528
181
300
289
286
247
270
264
207
201
200
202
206
198
197
198
197
232
270
297
254
266
281
197
247
250
249
205
293
231
258
247
355
235
233
439
186
234
243
323
201
274
271
248
296
242
209
211
218
207
214
249
291
325
212
206
205
204
204
229
240
259
208
217
302
327
241
258
241
245
221
257
222
238
215
220
216
249
189
215
283
207
233
221
218
204
264
350
248
217
284
267
192
214
222
213
294
226
220
238
240
229
237
234
240
232
226
232
269
241
233
242
268
264
241
232
265
253
249
251
249
254
254
252
256
256
258
252
253
273
327
283
308
277
242
294
222
257
268
247
261
243
292
277
293
301
260
260
299
253
237
237
230
243
218
226
222
221
277
226
229
227
224
247
247
289
246
231
236
230
220
224
224
224
255
243
220
219
218
220
219
221
218
218
217
216
222
228
221
226
217
221
239
237
226
219
253
250
226
206
211
244
238
184
218
197
243
235
225
275
214
241
235
246
223
229
397
286
301
245
262
237
213
213
206
269
251
236
232
247
225
232
252
197
251
247
184
205
270
248
229
285
258
260
249
220
231
202
255
245
249
247
250
243
250
256
255
241
228
269
230
253
224
229
242
213
276
224
238
319
221
291
222
407
235
220
213
205
207
211
200
210
217
205
218
240
356
284
278
338
237
224
220
212
217
254
216
218
228
211
217
218
212
231
212
207
242
212
231
215
219
208
207
203
210
205
202
256
206
198
207
217
216
197
218
255
219
240
229
220
234
240
221
210
222
214
259
248
241
270
250
269
249
268
222
212
218
211
208
217
215
226
209
308
258
272
227
229
236
252
236
205
212
225
213
223
212
216
230
228
235
232
234
233
240
254
225
224
227
214
238
230
235
223
237
231
224
235
231
212
210
234
238
211
210
223
210
214
222
209
213
224
225
233
217
225
246
258
218
334
272
319
220
253
232
262
223
210
213
213
219
209
212
217
249
347
272
281
243
245
220
223
254
211
206
207
216
206
210
202
219
205
234
208
223
200
215
208
214
207
206
208
210
204
201
207
202
200
215
207
204
260
222
206
215
202
202
204
203
218
204
204
214
227
213
205
225
207
251
390
441
345
240
226
238
311
223
258
227
228
212
221
218
217
297
235
205
210
211
378
266
308
301
249
243
219
251
244
231
266
221
229
279
226
216
224
219
221
219
235
215
218
264
252
229
219
257
235
225
249
221
231
281
224
231
225
219
223
220
227
220
238
271
315
279
229
295
267
307
287
251
275
240
240
244
302
225
280
226
240
213
233
224
211
213
209
225
209
304
369
296
297
286
254
227
229
205
192
234
197
196
194
215
213
211
204
195
203
192
199
200
220
238
220
194
209
193
193
198
211
204
200
207
198
199
197
197
215
202
204
195
215
200
197
197
205
221
215
211
211
221
224
217
214
202
230
230
215
201
267
202
219
219
210
204
203
204
209
294
232
287
260
221
253
205
216
321
224
326
236
263
245
250
246
227
232
226
211
225
264
228
211
238
206
205
202
213
247
203
246
191
247
212
202
200
239
237
247
212
201
242
230
240
244
203
241
194
253
276
292
291
299
234
258
227
272
269
260
219
260
215
257
216
252
219
292
329
276
302
243
245
273
225
228
203
198
244
198
238
205
212
203
243
197
258
215
201
198
289
199
237
204
235
200
230
193
237
208
250
204
235
199
236
217
231
229
253
202
235
196
240
198
225
198
247
196
215
222
266
236
292
246
231
270
219
269
186
205
219
234
214
221
213
247
213
218
367
270
308
309
213
265
203
201
214
206
203
205
203
203
209
211
204
204
211
250
206
292
276
246
202
249
209
245
214
202
203
246
210
225
212
252
230
231
232
273
233
1023803
1055
1022739
1124
393
208
286
187
221
218
202
167
188
213
188
216
192
213
198
212
193
207
171
219
217
243
261
248
188
174
161
214
172
304
211
237
178
208
182
215
167
157
153
159
158
152
162
153
153
156
160
171
175
151
153
178
175
156
155
153
156
152
158
152
161
155
150
152
159
153
171
165
162
159
165
177
165
168
204
168
174
163
172
151
167
157
199
154
195
151
154
155
156
157
158
152
154
149
150
152
199
156
164
161
153
152
151
149
150
149
152
149
146
152
152
199
163
182
189
172
203
159
149
191
159
189
191
220
150
157
152
149
146
197
152
190
151
149
149
175
233
248
204
185
194
220
166
160
168
234
185
157
176
165
196
177
153
208
147
209
199
160
165
161
157
155
213
156
199
157
200
227
175
183
157
162
200
154
200
156
199
154
203
157
199
164
198
155
216
147
196
160
215
166
194
155
168
156
198
176
194
157
196
156
209
183
168
164
160
196
190
175
154
155
252
166
164
162
157
153
199
157
162
156
155
156
155
204
201
175
164
164
170
163
184
171
167
330
179
174
212
185
215
157
163
161
164
157
160
158
159
158
159
157
160
159
159
158
170
205
164
157
160
156
160
168
161
160
159
160
163
158
159
158
158
168
164
158
161
154
205
163
161
182
162
156
161
155
161
159
159
158
165
158
161
213
186
158
159
156
163
170
242
250
213
333
198
173
219
215
216
184
218
158
159
206
162
157
257
191
176
160
159
268
208
250
209
181
230
182
232
198
194
234
194
244
228
180
191
247
174
212
168
244
173
206
207
157
189
189
159
185
177
207
160
158
156
166
155
153
156
156
153
154
164
153
256
158
156
157
154
158
150
168
160
156
162
263
177
206
159
204
164
165
164
215
198
196
292
188
232
171
248
181
207
178
200
161
204
213
201
175
202
203
199
211
236
221
401
174
206
178
228
171
163
209
180
174
213
164
201
185
208
173
165
164
242
194
188
165
158
155
157
156
155
153
155
155
162
154
157
197
158
159
155
252
265
158
207
231
162
170
198
216
238
229
156
158
155
155
151
181
203
165
155
157
225
210
163
158
172
180
225
216
196
192
189
201
265
204
199
174
207
162
174
156
168
156
166
218
342
227
165
204
259
208
219
221
185
182
204
193
183
227
218
177
217
172
165
214
216
166
166
166
212
214
167
163
161
165
165
163
162
167
213
166
164
216
207
165
166
241
213
167
169
172
208
172
206
167
214
172
166
169
164
168
162
164
165
164
181
218
203
170
172
454
296
218
210
228
223
217
202
181
226
162
173
164
166
216
311
159
169
160
168
189
171
224
298
254
236
189
180
216
205
180
176
236
169
202
184
253
174
160
163
164
204
161
200
158
171
153
179
185
177
171
212
220
216
156
254
173
210
162
199
199
213
185
174
173
176
177
174
183
202
180
167
169
216
158
166
252
251
182
206
204
174
170
211
224
213
190
251
188
210
161
225
153
198
155
201
157
197
151
198
157
196
155
204
164
195
149
198
171
774
257
184
185
181
209
175
196
201
192
175
196
176
168
165
161
157
162
163
165
160
160
165
205
208
164
161
202
166
161
158
162
164
157
160
162
163
162
159
160
165
161
210
165
163
163
215
170
161
164
180
210
163
169
159
161
162
162
160
161
161
165
161
162
183
212
162
212
185
208
165
200
234
197
210
195
198
161
160
201
160
198
196
159
293
277
181
240
206
179
224
264
207
212
187
188
172
242
191
168
204
173
166
164
205
200
197
206
202
201
194
243
201
209
201
202
195
201
204
204
202
196
214
204
198
210
195
224
176
218
231
228
208
194
199
201
203
199
200
189
201
194
198
200
238
216
214
239
209
246
210
215
211
209
204
207
193
210
197
208
197
206
248
214
242
198
242
336
220
196
192
181
206
214
211
197
185
174
180
174
202
173
205
174
212
210
220
174
211
169
6012
3220
751
333
216
242
237
207
268
215
196
212
199
201
166
176
217
221
195
330
233
293
197
215
205
272
208
185
185
230
194
221
233
188
227
217
222
216
218
224
225
221
211
238
218
201
217
180
175
176
168
168
213
170
207
200
198
198
198
192
201
205
197
224
154
242
252
191
275
203
214
241
223
265
251
200
238
214
237
228
293
205
248
221
208
338
301
235
263
243
242
176
262
236
198
189
241
209
215
229
208
214
201
209
205
165
171
205
198
213
205
162
201
207
206
206
240
185
191
220
159
202
210
199
205
204
162
210
219
204
202
203
211
207
218
201
203
204
200
212
175
193
228
201
252
240
234
223
221
212
214
210
207
211
237
207
178
209
211
209
210
209
163
178
230
196
220
220
223
211
229
215
265
180
214
177
211
194
215
175
164
207
159
207
206
206
159
204
212
221
210
173
250
170
233
207
165
212
215
213
168
166
207
210
168
210
160
253
212
230
214
296
192
264
234
186
208
213
234
227
211
237
223
216
216
280
261
208
315
234
270
249
261
209
211
211
209
212
212
1001
287
266
335
243
263
223
215
223
208
210
205
209
208
209
219
235
264
206
275
263
290
242
