840
1181
902
890
766
764
929
796
739
706
722
898
671
866
796
728
931
843
950
963
957
882
760
4248
980
772
876
808
950
1205
918
944
878
918
896
794
822
831
766
775
797
869
888
821
883
825
944
943
900
843
846
949
852
909
917
952
864
1013
984
892
997
825
1028
1029
1093
896
1098
986
1504
877
929
802
780
775
883
840
1434
942
796
874
885
996
701
874
703
813
883
1464
821
982
925
977
756
983
867
820
736
766
940
938
959
945
865
1033
864
943
814
990
909
838
946
1299
1341
1309
895
741
882
929
833
967
936
794
938
1029
934
881
865
873
814
924
826
777
836
821
875
922
916
971
979
1040
1036
996
859
958
886
844
956
1071
862
748
891
930
970
958
869
899
1226
889
926
881
1074
764
807
816
784
830
854
1027
959
886
945
825
790
910
800
863
943
799
743
839
975
909
893
846
782
768
820
751
833
910
913
776
754
903
819
789
808
868
886
957
798
908
828
882
971
771
946
1105
930
1306
874
1238
863
853
971
939
936
1092
1100
960
1278
777
832
735
823
847
911
823
765
816
904
825
919
1348
856
945
808
885
856
905
879
834
833
772
870
754
864
817
955
867
748
886
782
831
923
873
839
822
845
917
891
890
712
878
863
831
1444
820
761
776
840
784
763
933
913
865
851
879
810
869
896
832
922
923
941
872
1016
873
952
918
892
899
989
861
783
699
777
734
853
898
1053
968
1044
892
805
950
891
1060
959
1420
864
918
959
977
837
893
861
910
902
841
833
857
899
923
974
1148
929
811
922
1200
961
914
926
813
636
817
809
861
983
761
1643
968
866
866
803
788
849
811
1053
938
846
785
988
1028
868
811
927
794
854
849
935
955
857
882
997
1091
886
880
934
1316
839
869
895
945
866
987
855
825
876
962
893
976
945
816
802
860
886
1569
940
1576
1156
758
970
890
886
815
783
908
868
1017
1121
997
897
861
861
1202
795
837
814
889
894
816
810
815
842
944
925
887
842
820
726
1040
698
834
815
1324
877
825
876
920
858
871
888
1061
917
981
857
1031
905
908
941
919
807
951
696
972
741
909
869
999
945
926
920
938
1035
870
866
893
837
895
783
876
802
900
970
876
795
768
751
847
854
761
798
863
876
1072
991
820
986
1382
916
1420
809
1035
1215
1028
1007
950
887
907
909
887
1003
724
899
764
755
808
951
957
915
886
881
860
842
787
792
880
881
840
920
772
763
789
998
846
829
914
937
1060
915
951
919
764
854
826
898
891
823
813
760
910
790
859
862
827
1201
896
983
938
885
792
843
849
926
1092
1502
1022
1383
1392
942
869
791
845
1046
973
1015
755
960
936
1000
919
884
886
800
804
824
899
828
1523
911
1401
889
1346
853
867
861
942
979
854
820
946
963
938
853
904
690
902
750
843
761
835
929
752
926
873
934
894
847
880
873
856
787
848
972
1002
846
1016
832
935
950
1005
913
861
1404
891
1517
812
1619
999
998
914
855
867
1033
1105
1026
947
820
892
938
916
968
1073
1614
901
853
752
894
894
1375
896
1064
939
937
935
941
920
926
831
934
880
1043
1446
1322
1592
875
799
733
768
906
925
719
991
822
1101
983
928
976
832
834
844
879
883
768
965
703
841
793
1185
905
851
964
841
770
848
788
997
808
1302
1191
1618
980
793
1004
1336
859
1544
1047
899
860
786
919
752
799
900
940
877
737
852
946
894
922
849
939
843
767
751
680
804
885
966
898
1050
895
861
908
899
1031
727
765
845
725
899
996
1022
964
913
797
822
713
841
1031
1035
1571
967
1071
827
949
907
1553
1452
941
688
863
883
1303
1013
903
694
812
807
817
904
1035
884
906
899
930
972
994
926
857
926
815
796
797
1030
1069
914
876
887
932
851
937
854
814
785
926
951
856
861
816
827
863
938
750
849
776
1562
887
890
833
901
962
896
834
1019
906
845
736
923
794
989
995
985
843
1015
1320
778
1094
980
994
844
878
858
781
869
795
811
1004
785
850
1421
908
820
809
907
996
1029
1042
881
983
1173
1020
1346
1269
1320
1233
968
695
924
872
1348
792
1155
902
870
839
772
949
846
1036
886
1046
868
925
1021
2568
1008
822
792
831
823
915
892
926
958
846
728
764
719
1383
1040
804
781
758
851
842
776
800
770
863
780
793
784
828
1342
913
1014
955
1527
890
855
892
875
924
960
969
847
1013
829
730
1051
878
889
846
856
855
936
899
1071
1567
865
1559
901
846
869
985
971
849
797
938
1491
888
1001
1033
908
752
865
722
679
904
957
996
711
863
926
988
1655
925
1063
961
880
824
791
933
938
1033
860
871
980
1140
944
925
876
909
922
935
851
844
1573
862
951
887
836
940
903
922
850
1012
1034
896
978
873
875
817
746
1328
856
839
909
931
836
991
765
802
1197
965
1081
892
978
1072
714
917
1034
863
1545
968
972
820
919
879
798
861
781
931
901
831
986
873
894
856
804
792
742
767
1102
931
967
1014
892
908
1009
796
828
807
912
965
917
1029
996
1044
863
800
888
875
3686
5029
966
1072
1036
3211
824
968
727
893
939
897
870
844
847
778
1021
750
865
771
901
953
957
944
847
842
787
859
811
892
961
965
851
856
832
917
848
875
836
925
801
923
907
863
1038
969
995
933
868
922
935
957
1036
1031
890
922
1442
1017
849
920
862
857
884
904
891
919
872
900
926
917
923
814
782
847
879
937
905
1474
869
795
951
846
877
794
919
921
1304
940
897
930
929
928
949
904
1382
727
924
777
987
746
775
769
1019
916
870
811
828
943
909
963
976
984
1345
1353
863
724
751
791
821
829
851
923
778
864
736
963
901
845
938
1010
730
932
873
941
879
865
783
949
852
969
1352
825
755
822
795
938
822
822
976
900
771
834
1006
927
731
871
1340
736
1266
980
858
989
907
884
899
892
1552
751
951
743
860
916
964
767
1001
876
1051
1020
926
805
787
1341
953
841
846
941
912
917
966
1016
837
747
832
858
900
794
715
848
834
847
861
805
813
771
892
1029
971
935
702
852
949
895
869
857
915
792
723
750
685
690
838
826
959
872
800
787
958
718
858
766
1481
879
815
983
936
906
843
788
880
834
832
916
845
929
923
767
683
1017
931
886
855
780
773
650
923
781
900
904
881
859
940
837
904
836
783
836
857
888
767
876
1590
944
1522
954
967
1169
994
1108
947
883
936
991
968
917
1329
856
832
751
760
918
958
899
855
790
819
1356
864
971
763
843
843
789
873
971
882
849
1251
1202
1669
948
1465
876
711
936
835
989
884
1473
847
887
907
978
898
924
761
761
860
865
777
848
906
859
812
804
940
773
756
796
937
799
938
818
768
701
887
852
801
777
830
856
785
744
872
975
859
947
828
997
896
897
875
908
846
844
877
786
814
927
737
1008
812
1182
1917
1418
1689
916
1460
1153
830
850
748
939
864
891
920
952
1046
940
829
830
1067
950
882
797
1095
1000
893
891
809
787
802
740
810
875
834
1024
1015
907
863
1397
902
840
998
957
847
988
964
935
1066
893
944
788
1405
903
919
812
906
792
1610
962
868
818
868
748
843
836
829
864
1441
874
804
647
1097
939
899
785
876
859
869
828
849
896
1040
935
834
978
880
767
698
642
855
1054
928
967
1418
888
704
859
928
867
914
1145
946
768
872
872
974
976
898
924
911
882
855
876
803
807
921
818
800
785
1002
872
970
920
884
908
862
828
905
836
846
1581
1588
944
831
817
870
764
948
973
814
890
799
947
817
824
925
879
894
928
850
884
853
822
736
926
855
759
841
839
803
746
816
1074
914
840
889
813
1028
745
946
833
883
867
749
1735
1560
1689
946
1004
842
957
859
1029
868
905
965
1015
785
1473
847
762
993
899
924
925
936
845
837
920
940
799
959
726
903
974
1032
824
835
869
841
920
931
886
801
837
914
746
865
828
735
765
1038
1952
992
1114
750
994
1011
867
829
931
921
1006
1049
935
1537
846
1396
751
936
880
994
852
1496
871
805
796
815
894
896
812
957
962
789
944
943
916
746
952
944
898
916
899
779
773
747
893
800
852
894
717
944
962
916
970
892
1465
1824
968
901
1054
978
776
842
960
1160
885
994
938
911
845
996
753
861
1446
833
858
1010
802
826
785
898
881
934
1001
781
961
932
856
1077
921
819
857
879
909
826
946
901
903
858
807
829
869
972
917
1051
819
966
962
827
991
961
990
998
851
831
1368
674
852
725
720
869
841
842
849
847
796
804
867
867
821
892
881
825
872
949
908
938
936
883
746
895
954
769
764
1001
871
768
904
1092
1044
943
1334
964
916
956
918
811
865
1051
1657
921
902
747
794
953
930
958
1052
1005
930
726
945
1123
932
1543
985
1624
877
748
942
805
939
1036
897
933
875
727
992
991
1009
931
1541
809
774
880
895
940
730
798
755
798
872
1046
873
844
843
976
790
833
937
1007
892
938
854
1015
942
1037
805
1540
867
848
920
924
972
866
838
800
782
710
756
812
716
915
892
952
830
973
947
1071
841
932
794
842
779
885
763
838
1036
860
1037
865
916
830
777
829
732
740
901
852
814
855
742
802
696
745
675
996
768
823
786
1000
845
910
896
918
870
939
841
1208
1663
969
1021
1024
1032
772
975
974
894
878
859
845
959
761
1014
843
849
794
1082
859
1125
936
914
942
937
768
783
876
846
1011
1549
842
853
762
891
955
883
913
958
895
920
982
965
1095
1092
1748
948
849
863
1085
1776
1085
955
1534
750
1667
925
940
884
945
851
872
784
846
924
809
886
874
860
800
792
952
879
952
938
967
885
890
703
878
941
996
978
835
780
792
894
856
984
1052
913
911
1074
880
870
774
988
1028
1026
1527
863
1050
897
966
886
850
877
811
822
928
767
945
965
884
882
832
868
879
964
886
967
844
866
768
1107
1851
892
998
867
927
767
779
924
1071
915
857
910
1104
898
1557
1198
1029
1325
782
998
1014
954
916
885
904
892
785
780
1513
821
1051
900
943
920
986
911
1013
880
823
887
815
908
1020
972
1857
876
926
1042
995
1043
911
857
818
746
790
758
781
1011
1673
1742
833
764
755
800
795
874
789
866
741
881
807
856
1029
882
923
867
752
877
829
931
837
919
909
899
746
892
749
943
943
890
1024
956
954
919
921
970
949
836
968
1055
968
915
880
820
881
868
931
909
895
790
875
790
852
837
992
926
1054
860
985
1025
986
871
755
809
874
815
915
866
967
904
991
985
820
875
921
908
728
906
776
763
749
900
854
821
993
924
923
852
873
977
937
886
802
792
900
926
1102
974
751
950
995
974
865
963
801
900
1061
932
760
831
876
850
793
732
856
967
988
909
919
945
1688
875
6624
850
1091
1662
915
1604
763
778
729
908
797
868
777
1026
992
862
823
823
903
871
792
794
1406
892
971
1716
988
890
1497
802
856
841
930
889
928
1008
986
848
835
801
772
754
872
871
965
888
927
805
861
839
776
891
816
966
937
984
862
1897
853
1052
1099
1028
886
766
769
751
762
931
1022
875
863
892
1432
1454
1020
968
967
866
902
867
885
826
838
880
968
893
911
866
896
884
811
849
897
879
953
928
1081
887
841
1463
806
774
816
720
913
858
878
915
878
976
808
1012
821
996
1057
1001
927
965
1002
912
826
922
804
921
842
928
952
929
929
818
734
771
685
895
721
764
935
980
1003
871
795
977
843
1010
815
887
934
887
829
954
723
901
874
891
849
899
813
879
871
964
863
842
799
904
748
808
676
1813
1497
1627
818
762
794
1105
850
924
872
794
893
689
942
847
871
775
874
827
1008
782
944
832
838
956
876
840
914
919
1032
957
1654
1017
933
1010
786
951
873
944
802
979
794
1021
937
1598
815
829
718
879
790
798
928
888
967
872
749
827
882
954
874
916
853
882
729
954
921
841
784
764
819
835
833
946
791
940
860
793
836
1005
956
939
953
934
825
802
836
986
914
861
855
992
761
918
915
902
837
886
808
964
906
920
997
945
1100
2941
800
952
825
997
876
836
915
972
874
1036
1215
1008
945
1692
936
780
1478
781
925
837
841
846
967
1171
905
914
831
884
928
966
819
790
964
924
904
933
822
1478
659
930
770
948
896
827
771
1010
762
762
969
1001
787
941
719
809
716
870
964
936
1589
940
794
862
966
784
810
1587
814
851
892
838
1002
1691
881
1656
869
762
860
1702
855
801
783
800
737
848
896
877
1635
1572
934
944
1034
886
856
882
857
817
806
806
1629
704
909
1054
1068
907
894
823
1031
827
832
845
812
870
791
903
1057
812
888
857
881
952
1033
879
813
953
967
888
992
906
974
934
831
855
856
748
905
820
822
867
884
855
856
1183
957
972
1175
1133
878
813
915
750
886
985
1111
1843
896
851
833
791
714
808
1045
815
990
1784
983
928
1055
957
987
890
1829
808
887
738
973
904
957
990
861
986
912
967
803
977
852
879
892
950
1028
1069
1642
930
905
872
786
761
993
923
1067
948
867
926
977
1002
976
770
878
986
966
845
822
858
837
814
742
807
1005
982
886
1009
898
812
907
845
940
953
832
871
850
809
899
770
866
870
858
1066
805
763
947
874
1626
951
874
921
855
1047
921
924
907
975
800
806
731
907
798
1062
827
922
936
1091
1081
976
1025
929
806
792
859
876
767
1000
1030
845
1019
856
906
868
740
879
756
867
907
992
936
738
752
1647
801
784
766
703
794
739
896
880
811
837
762
926
846
835
991
871
1002
819
908
932
960
954
872
837
849
799
891
1009
872
917
969
823
921
917
841
941
1069
854
1028
755
879
839
1041
898
862
866
816
725
1469
910
916
761
861
910
1065
1171
890
797
876
899
882
758
786
793
811
954
813
814
896
911
753
808
1041
887
668
963
879
887
869
908
871
845
769
760
944
771
908
962
854
783
730
890
929
940
826
815
763
677
735
840
797
858
914
850
812
1146
1043
1660
934
829
923
782
1086
789
851
781
1155
812
741
759
845
791
943
722
791
898
823
907
1184
1018
956
906
928
1009
778
947
827
995
900
935
915
986
859
979
778
839
914
1014
969
913
932
931
989
1860
1019
865
800
722
920
1007
955
804
800
968
928
1076
897
982
974
855
945
956
828
1728
871
974
921
990
985
1020
875
845
788
1026
768
950
1015
924
877
839
864
796
685
909
832
781
935
899
732
876
975
875
917
1774
1029
775
946
877
895
777
1017
1034
846
847
1026
903
954
794
785
802
999
794
1091
916
1119
900
1055
775
769
895
942
896
836
950
800
918
888
950
802
920
859
786
785
801
945
861
695
810
921
1638
826
1602
668
876
669
823
799
777
735
766
744
813
833
754
875
921
886
878
803
808
803
717
804
696
986
761
832
702
1104
926
1044
907
885
853
920
712
922
930
1003
874
900
902
867
1019
900
897
842
1636
856
877
984
922
942
796
798
898
955
946
905
863
1971
823
802
963
916
1009
1064
895
894
812
790
840
1919
901
867
804
893
856
876
845
875
1000
844
924
827
949
818
909
956
986
984
1024
893
970
880
731
921
965
799
911
917
892
1006
1002
918
897
799
851
862
826
733
1810
908
1814
896
882
792
836
833
832
855
840
845
897
928
835
1869
840
958
894
793
861
832
779
823
767
1000
1141
976
845
859
897
832
900
770
1090
1133
1206
900
848
869
792
817
769
914
909
1052
739
1066
1092
1681
989
909
938
705
1090
904
977
867
1023
1072
887
923
889
1585
835
847
742
991
862
944
951
897
853
856
774
673
722
781
698
981
736
901
1040
1096
858
918
832
858
834
894
823
995
879
862
787
889
764
912
766
763
791
1553
705
908
881
968
922
785
846
1930
994
825
846
734
863
855
931
842
720
816
828
917
800
964
934
1088
925
814
1028
821
1678
919
868
903
1049
1022
857
827
794
814
902
1076
990
1403
895
1071
1045
1013
943
1673
882
834
827
878
903
1046
1047
1111
1072
876
885
842
896
904
912
1557
835
891
896
1758
887
1822
876
971
891
928
799
849
902
902
1691
1222
1037
836
914
914
1787
894
919
778
949
936
843
940
849
856
1039
1629
768
894
914
895
899
862
907
1039
881
927
1636
807
1533
735
823
673
896
1832
1787
1669
861
856
1674
882
795
820
832
810
801
940
990
854
744
814
869
1021
1027
946
1851
1033
897
916
919
938
968
1012
889
824
850
837
952
971
934
852
787
848
753
1030
838
838
793
947
771
756
912
662
936
845
902
961
1696
857
782
990
944
933
888
854
790
882
839
921
1072
920
895
779
757
1375
1069
867
902
866
1830
925
927
920
971
857
827
1014
881
1053
859
731
759
952
889
916
792
766
723
908
766
875
726
934
893
960
873
914
861
901
1336
1761
823
899
892
925
869
835
802
808
861
837
950
785
963
884
846
887
1061
759
905
883
814
824
788
804
709
766
861
858
833
811
840
927
748
869
788
937
897
938
806
837
968
1134
1006
944
909
1662
846
829
683
826
936
874
954
845
867
947
747
884
869
837
993
702
1019
1058
977
927
877
1829
1000
854
721
914
902
871
896
942
750
1774
965
1009
787
884
919
945
1735
878
969
875
944
901
816
961
962
931
981
758
1103
908
916
1558
1591
999
965
987
885
885
1518
729
915
888
963
976
935
935
1056
942
1712
1018
1019
941
975
887
1501
853
788
813
949
1022
931
1830
904
846
830
922
795
871
774
728
906
880
766
804
805
997
778
816
749
847
844
804
869
898
990
900
998
937
796
1603
879
875
862
852
820
800
735
912
855
907
783
796
814
866
678
822
721
861
875
824
868
820
960
868
834
797
892
787
3571
914
728
1068
950
843
858
844
848
799
934
947
967
888
912
959
895
1111
831
986
800
1683
1028
953
863
867
807
831
911
771
769
866
868
913
893
818
830
1004
824
949
918
856
706
842
746
779
809
1042
838
790
877
870
878
770
900
1759
887
817
788
774
1002
849
791
828
844
855
814
895
919
785
1018
908
801
1024
1049
975
926
1672
813
744
826
737
682
881
864
735
968
792
871
916
823
892
803
754
899
891
934
1568
951
866
803
837
727
810
757
752
966
947
951
874
1058
910
891
848
841
761
877
739
883
861
942
874
750
870
1006
892
896
854
833
784
777
776
849
974
937
848
858
844
780
850
859
740
952
978
1095
949
773
763
1004
810
923
942
922
811
869
889
838
733
755
941
882
907
862
854
862
763
758
673
1830
754
802
783
868
939
1924
920
1729
760
850
744
822
779
814
936
975
1739
795
1743
876
963
962
756
755
940
834
814
883
757
775
756
794
944
1006
945
952
919
816
831
1040
1683
784
706
910
692
829
810
896
739
970
841
804
856
837
1000
942
945
1065
1031
897
798
797
951
857
971
804
1067
697
914
836
829
817
794
943
1064
945
901
795
929
867
1770
915
1927
964
1826
726
714
826
766
834
848
818
897
1014
929
896
911
883
909
744
776
816
950
946
903
972
747
813
809
919
917
825
726
749
757
1016
818
946
937
1656
946
929
774
800
735
1000
1002
831
884
831
808
975
1062
936
1724
792
828
831
1009
868
818
1759
840
1005
897
742
801
952
856
900
896
763
792
799
876
800
1665
1702
908
946
770
824
902
896
764
817
837
773
750
774
892
854
869
960
841
876
736
1077
1027
783
925
923
733
1050
1019
1037
767
1885
877
1579
899
927
965
987
928
778
1637
1593
804
1007
1021
1029
887
891
1005
988
817
908
1731
915
1058
812
910
873
830
890
923
742
952
859
828
1023
915
934
828
965
1076
1345
960
2024
985
1278
802
759
777
862
858
861
859
1003
855
738
899
817
878
742
779
955
815
1087
1013
965
814
1105
803
1914
850
972
767
749
816
926
827
804
846
824
874
756
843
885
893
1004
986
1118
945
1040
831
839
775
728
715
736
912
739
758
957
779
891
1262
1038
1002
903
852
842
852
897
792
884
997
926
987
823
783
779
787
929
959
766
892
825
813
813
960
977
916
855
828
795
840
800
814
769
891
916
981
886
849
842
779
760
771
819
1007
919
764
949
766
921
1864
1049
2015
1002
772
798
704
695
842
1027
806
962
838
895
926
836
952
821
720
811
754
994
1860
860
816
944
889
1009
957
723
784
912
1897
1202
1099
842
1044
1179
1076
1043
938
845
885
862
821
745
909
978
839
986
858
978
808
856
870
866
900
1153
982
978
1926
1328
958
841
896
902
887
902
926
904
843
777
847
954
896
835
768
916
762
880
941
972
1053
772
1009
865
929
799
808
850
767
938
973
905
905
1878
868
802
905
793
953
943
907
953
865
1011
923
953
891
904
949
893
809
980
893
874
818
810
806
926
886
814
766
946
903
777
867
848
982
1059
1152
947
896
795
868
764
712
864
781
906
796
1017
942
942
1049
902
1561
831
825
1022
933
981
1074
907
968
860
913
769
819
933
723
906
921
1526
814
870
838
973
990
900
856
826
843
846
828
727
866
839
884
825
955
969
829
734
728
783
910
921
955
826
919
847
911
887
900
876
816
868
880
728
952
1043
857
881
853
1562
840
1707
713
792
809
858
938
955
708
995
841
825
760
1831
793
1010
789
912
1043
1868
902
1067
967
886
869
844
860
793
850
899
953
1814
840
904
979
904
781
992
739
1019
827
964
811
817
955
1024
943
973
874
847
725
1009
830
953
985
805
904
704
750
885
1950
873
842
721
703
673
759
810
1000
1008
892
1766
836
1017
810
851
763
883
865
944
945
857
935
1850
959
1038
781
801
956
1081
923
926
850
1012
906
847
902
1055
1017
854
798
840
834
910
963
778
846
730
908
842
964
879
774
880
855
852
988
943
923
1889
951
812
939
786
962
855
1015
972
959
776
841
738
861
739
860
836
937
776
864
876
937
717
815
709
747
905
732
899
867
882
875
939
1081
885
1784
865
804
742
830
826
765
943
867
904
976
808
857
871
812
823
839
870
883
889
1015
968
903
931
916
986
867
917
963
970
881
791
844
882
1004
974
2211
1015
970
744
842
927
871
919
863
732
728
852
971
899
877
815
821
734
732
811
725
867
877
892
935
1101
1070
1023
923
851
820
773
736
949
948
858
925
903
886
878
1011
928
778
833
991
819
1028
918
770
933
1031
1081
1004
953
964
890
943
906
1019
930
940
940
920
1070
900
854
889
1359
1008
895
838
751
964
801
969
1024
4253
886
736
834
813
1034
1017
1209
908
1000
782
919
1050
985
1761
853
730
859
1001
952
971
895
948
903
855
873
882
939
878
1037
1031
915
879
811
862
863
805
792
906
940
1090
1160
867
862
912
776
871
935
963
837
960
855
874
1242
973
1206
891
1133
980
925
871
866
818
967
877
853
778
880
786
934
942
892
783
861
729
917
732
976
873
1081
893
921
806
860
750
925
790
911
875
861
937
1018
951
735
704
897
829
1022
1246
932
870
979
946
1014
915
919
832
833
874
866
860
988
945
901
1411
995
870
733
911
788
865
919
1014
906
868
847
853
882
841
866
937
876
850
863
789
3539
863
743
847
853
809
930
766
812
836
866
829
1002
901
800
888
2095
1012
888
920
806
1091
939
928
722
958
1002
915
1027
1961
966
1128
1002
861
832
876
888
1126
815
787
882
6390
1049
963
920
867
923
925
874
892
771
805
843
961
945
959
976
873
819
1020
937
807
968
951
923
794
850
737
971
916
907
907
1996
901
756
759
787
859
735
944
859
724
880
2093
1033
948
788
847
788
850
840
798
1058
874
1015
858
832
1018
879
841
810
797
809
1002
757
985
947
874
984
941
977
991
835
782
1000
1070
856
920
789
895
894
894
861
886
817
831
982
855
978
711
900
855
984
988
848
863
802
742
714
720
636
996
865
980
795
731
865
1113
6555
920
846
2113
932
883
972
798
839
830
1002
913
897
1011
899
899
825
873
817
817
846
971
917
954
892
969
837
964
850
961
899
929
872
927
859
893
1086
976
837
988
816
951
981
750
952
916
758
935
1071
1043
2090
926
1875
829
933
880
891
980
855
986
872
1024
810
851
835
882
882
956
962
920
957
985
895
904
843
775
789
827
830
931
977
746
846
960
912
870
822
850
794
794
836
891
865
861
840
882
821
886
1004
864
787
912
689
1017
2042
938
893
786
846
728
869
790
1040
1933
955
869
823
782
778
842
795
799
965
833
820
1165
1488
876
872
805
797
747
863
729
978
882
838
861
1505
1984
772
811
937
784
811
863
898
899
1068
1424
1003
807
771
958
846
769
756
784
1072
908
936
871
901
809
809
816
908
902
968
948
1058
915
1140
873
962
898
953
879
953
892
926
963
971
955
1019
1829
849
920
714
841
835
906
769
895
909
995
821
850
809
927
846
901
867
810
921
899
903
900
858
1041
1027
958
902
878
860
783
772
875
705
994
849
698
841
918
1003
1022
914
829
800
905
898
727
852
879
1942
854
793
818
775
755
859
823
933
937
948
793
1072
915
972
939
996
888
781
794
894
808
955
808
1042
844
1024
851
1860
835
922
768
832
767
924
988
998
852
800
868
958
798
867
860
870
849
846
717
942
1038
954
873
844
809
769
694
812
903
876
788
879
871
839
722
729
703
867
901
905
849
888
856
849
782
948
1807
933
824
865
773
870
1075
1009
2345
1061
911
1019
883
867
844
920
1054
886
794
902
942
786
951
835
881
1016
991
886
905
886
901
894
824
1034
930
886
847
771
999
956
1074
906
967
869
899
836
1003
904
976
1025
1080
970
970
830
752
741
905
853
1015
943
767
727
987
853
818
849
882
819
811
803
881
831
910
804
854
745
850
840
932
968
938
876
751
913
972
801
944
941
919
882
924
810
814
806
743
877
1197
907
893
3970
942
870
773
881
866
849
1792
962
955
1174
913
821
778
805
741
747
865
683
912
2025
956
982
900
774
951
862
998
993
832
1021
809
1046
910
910
839
873
894
854
922
771
765
950
900
943
906
936
1007
990
947
956
824
982
1926
1128
1062
1445
853
860
785
901
908
769
802
875
860
885
846
872
791
753
918
892
895
889
888
891
827
921
916
925
939
830
817
2491
871
887
731
914
1854
895
956
785
1008
856
861
801
834
711
1871
844
893
1906
842
884
752
708
885
837
788
829
885
795
916
906
850
773
763
851
838
845
853
905
877
759
1019
814
1716
961
892
979
2112
923
1048
920
888
848
1027
986
978
919
973
782
812
893
919
942
866
836
1003
813
904
1026
867
806
872
831
784
855
802
853
699
804
979
859
884
785
951
868
2019
846
858
712
857
1851
809
856
782
880
901
883
805
1000
858
726
913
1152
1028
859
812
873
2088
744
1547
935
976
919
1051
958
897
858
820
893
874
775
1040
866
2044
932
767
1014
920
937
802
2032
876
760
881
808
897
1872
1878
1746
776
873
921
986
876
970
806
957
862
892
906
809
767
850
750
904
942
1012
1821
1815
918
852
833
817
873
846
943
843
897
1304
2286
980
1901
890
930
795
783
850
2122
915
818
850
897
766
768
1056
906
788
976
849
872
854
741
668
975
968
877
1072
796
772
815
942
866
785
943
819
823
1804
760
910
863
875
893
841
835
948
850
797
855
833
822
917
857
807
796
739
791
987
815
842
776
822
817
805
867
967
977
876
905
870
839
954
982
923
752
886
742
723
853
839
835
797
816
917
859
821
921
888
878
1351
791
890
883
835
866
1970
821
958
751
889
953
872
1914
842
887
845
872
974
851
898
881
891
842
919
1007
951
966
935
1063
818
936
795
940
829
866
821
943
805
843
960
799
972
930
952
873
1802
901
1212
965
1549
768
928
787
1024
733
874
788
780
767
713
693
606
911
954
965
881
873
773
798
761
978
777
953
1376
1010
934
2060
885
883
754
718
874
895
1691
1014
863
881
950
916
809
922
834
917
876
957
976
987
952
976
918
930
1036
826
757
896
968
911
984
946
1131
1071
1060
914
1112
881
802
794
1528
687
736
990
895
1944
1955
895
860
927
831
857
902
894
940
800
912
939
896
822
851
804
914
1398
978
769
952
910
1843
699
768
790
771
860
783
732
1022
941
1021
857
843
811
1059
806
780
786
880
817
946
876
1002
868
780
709
2085
1967
1336
938
877
845
885
816
842
757
789
877
758
823
786
851
782
931
1018
897
875
948
968
968
863
901
796
818
862
928
847
751
2540
890
988
819
876
2071
1853
894
948
979
5661
917
896
867
911
947
1354
980
967
845
890
901
1869
874
805
1040
773
819
780
813
803
795
875
808
728
745
875
875
795
749
886
771
777
887
795
2070
776
1040
846
948
918
1896
820
1340
959
940
826
924
857
1032
946
1033
880
827
954
882
859
825
812
843
829
875
1113
990
902
881
902
850
802
777
860
781
987
899
933
795
828
696
893
764
884
834
736
866
840
919
835
3230
882
881
1035
987
2198
1045
874
858
914
775
935
862
741
887
825
886
929
2122
855
1967
984
1007
800
824
903
843
1044
809
938
930
954
920
704
940
982
967
1027
900
944
883
938
790
853
793
931
865
803
921
834
975
988
905
868
920
892
712
887
882
1087
887
970
958
895
889
1009
801
945
841
955
929
968
817
828
829
846
1000
1088
842
794
798
877
891
1314
1018
2035
848
804
917
777
917
753
992
892
800
758
751
894
915
844
1014
768
904
709
872
798
875
859
819
869
869
912
879
845
776
703
973
954
860
746
983
903
1092
973
903
1015
890
941
694
744
695
747
882
717
916
1035
893
1250
926
875
733
774
833
839
904
997
789
2282
923
838
695
849
965
859
934
827
762
940
1061
814
837
873
893
691
798
784
984
1064
857
1029
1040
1027
897
842
812
756
824
759
793
876
908
859
934
763
879
672
690
1005
912
896
811
758
730
897
1870
2050
795
877
861
858
866
763
719
988
925
1067
1043
895
936
1015
2202
836
912
857
834
928
928
832
1941
998
837
983
838
2429
956
1082
990
1999
860
1838
851
821
809
834
1080
898
912
868
933
916
837
869
853
822
762
870
853
883
867
941
970
851
1183
986
890
881
1008
856
962
880
937
916
966
878
1166
917
1433
924
899
864
905
704
907
738
910
743
2555
852
841
948
820
895
889
2187
4299
928
785
1103
926
2078
883
959
864
901
936
760
882
948
963
991
866
916
971
812
2100
895
696
964
838
931
907
857
756
2037
879
908
785
942
1503
974
831
834
858
839
810
803
680
746
717
860
758
786
766
810
713
868
984
969
877
969
847
996
1045
991
913
935
810
806
787
691
812
921
894
862
828
846
784
860
788
781
864
848
872
1117
893
843
997
864
1041
882
811
815
847
1021
869
940
868
860
778
777
739
775
804
894
828
884
864
882
770
953
931
1002
833
824
756
836
768
870
986
924
1076
930
900
812
737
872
807
949
816
969
1230
1239
2159
858
1998
1006
798
894
722
982
938
2388
973
815
1010
891
822
784
828
1041
923
849
979
902
1022
850
1059
1909
914
957
1028
1234
1024
1028
2007
854
901
868
950
1196
896
876
885
807
970
2377
863
924
766
774
947
899
881
814
766
697
822
927
938
803
825
850
876
772
783
2096
746
915
889
959
908
958
859
2009
830
910
991
911
877
805
857
846
920
684
838
933
739
852
897
967
1015
956
890
967
1967
915
742
954
827
808
826
1281
2079
884
759
905
736
750
909
815
840
733
746
870
860
866
899
826
931
759
778
713
714
821
812
826
912
964
871
860
843
879
895
948
916
823
925
900
889
977
847
749
805
938
870
898
843
1022
845
797
800
1028
865
848
902
935
782
880
957
976
882
941
715
981
968
845
1193
907
1083
752
965
727
941
861
733
776
743
809
726
794
861
902
904
938
912
745
933
851
893
1015
1264
990
984
756
763
786
852
960
860
848
915
1981
839
1088
831
764
805
895
851
897
965
939
912
773
894
795
2015
913
2064
708
723
683
599
863
966
789
736
1046
870
887
813
848
755
841
3477
879
877
895
933
863
891
861
826
821
753
833
768
694
808
836
841
909
1075
919
999
851
953
897
831
738
929
841
945
2040
864
1978
855
991
1007
848
948
988
879
710
888
775
873
1074
1207
941
976
933
975
715
869
777
1128
818
939
892
979
871
867
777
868
862
971
827
3592
913
727
1253
2806
1046
876
985
770
745
846
787
932
953
896
864
829
775
753
813
867
1061
1013
905
923
1006
846
887
927
1007
1053
853
986
933
874
936
4849
976
859
788
741
867
1207
3097
851
824
875
974
1574
1008
957
959
876
865
682
855
789
1039
887
833
800
766
831
824
915
853
1022
956
782
894
783
2323
1073
2272
862
869
898
971
849
876
814
895
971
2212
852
786
860
812
915
901
913
845
1048
1152
879
917
2611
2285
883
946
882
895
844
840
843
793
909
951
759
928
861
686
954
960
750
904
982
908
2012
2030
1936
871
847
824
999
992
2197
968
1023
860
864
774
773
745
1004
846
896
702
862
766
870
908
1005
938
961
859
960
724
1024
855
881
920
1669
721
935
733
868
928
829
930
775
993
852
926
1619
5016
2090
915
828
801
888
1907
1025
2200
955
2093
859
921
1476
893
2090
874
825
881
960
920
868
2026
799
872
881
1108
926
958
939
826
738
705
804
864
914
901
932
1036
1334
816
675
894
798
834
895
863
846
983
792
2166
994
844
974
917
985
835
907
875
986
967
906
878
999
825
960
914
1012
888
866
1037
882
925
897
2105
751
825
763
800
884
847
843
914
690
847
987
893
1580
875
1000
717
1055
1097
1019
907
949
776
2011
787
831
1139
927
880
1168
896
1590
903
840
988
1882
823
787
792
931
895
877
867
808
856
712
761
907
841
1007
940
876
1034
915
850
816
772
864
891
872
810
775
924
864
2530
935
989
1115
1055
854
771
804
803
945
1253
931
1004
811
864
815
882
934
999
797
1007
792
2666
945
781
1042
1048
960
1167
904
1025
893
865
958
935
929
901
973
1012
1519
975
895
979
903
974
788
955
962
912
864
4235
780
858
672
676
693
944
913
742
853
870
992
837
1441
1152
934
892
844
812
922
824
835
872
919
2161
922
887
874
902
844
909
838
878
924
710
704
826
927
1148
1999
948
904
731
705
776
1021
913
976
924
862
871
767
749
979
1012
1661
936
868
925
929
832
872
945
866
859
820
769
867
886
764
829
891
979
1033
879
979
837
849
831
931
939
1023
827
697
944
2562
1220
911
983
795
735
861
860
935
1105
861
918
829
845
845
763
912
922
933
760
966
971
2442
936
995
844
750
913
966
944
849
1044
808
858
949
971
859
891
982
883
941
802
986
1968
891
815
900
783
946
997
964
871
790
829
840
2767
911
826
848
790
825
788
777
859
898
806
871
804
811
793
850
965
846
760
2273
2028
864
764
974
869
895
791
800
749
796
759
762
878
751
923
911
641
979
803
946
1019
1039
870
932
1012
894
900
914
957
1198
916
841
1139
868
1030
817
829
809
1004
1026
1057
798
929
2427
922
1008
1012
983
878
823
769
2835
917
815
923
2294
895
2118
918
968
870
900
819
844
883
983
958
1011
957
1977
2597
925
985
777
978
904
842
902
840
814
908
830
843
816
872
881
905
784
943
882
934
968
925
1014
917
895
2169
839
781
746
962
739
942
886
746
992
888
1082
788
969
2261
993
924
930
878
854
1934
817
836
817
943
1020
900
1004
888
927
871
709
929
1338
910
807
746
825
1019
1035
900
1962
916
1002
901
994
912
1357
825
766
771
777
760
798
732
1051
1196
929
1085
869
959
792
838
785
861
894
955
931
718
1018
786
921
765
913
952
1041
5118
1227
867
828
799
1051
2028
831
753
797
901
921
869
800
893
750
845
740
817
785
798
716
834
788
890
786
776
1078
5232
749
874
768
887
906
990
865
853
960
941
2349
943
869
926
777
764
1061
874
969
911
851
1006
978
1071
897
1003
1004
1143
1005
2400
1549
894
942
859
874
904
1187
974
948
836
870
955
872
932
882
914
911
1119
845
1037
1182
918
1024
966
840
985
834
818
927
1500
1006
1015
1116
1019
827
1142
1090
745
707
830
1397
983
973
827
887
868
787
729
787
783
781
948
928
931
871
829
868
938
704
867
966
846
706
791
899
974
947
1973
928
911
938
862
694
930
853
933
868
873
1018
848
1040
941
828
998
955
1145
1040
799
906
1122
1070
952
1126
2442
799
962
917
944
958
920
1005
1017
1023
930
913
893
875
956
1013
936
934
1151
4991
941
873
798
900
895
858
876
998
969
1032
937
981
858
748
914
699
858
1005
1089
2776
787
890
813
845
783
831
975
885
793
787
1013
941
1029
988
938
824
843
768
723
872
843
766
752
1367
2045
984
878
799
726
797
860
1121
809
939
717
1127
791
1028
914
803
850
969
911
715
877
973
794
2300
897
803
966
923
2147
881
882
868
825
879
891
1037
950
988
1035
899
931
991
972
924
929
826
934
778
794
1072
822
872
815
1067
839
842
824
811
745
837
723
960
1088
843
727
1016
729
1017
797
770
782
871
855
892
747
981
964
982
916
931
802
884
720
1050
1176
892
920
758
966
898
931
909
1179
1101
833
834
705
847
785
3207
956
992
978
896
823
962
1449
969
834
1997
1029
869
891
913
1119
819
810
756
781
868
976
864
1726
1045
909
944
1007
817
753
1006
964
858
988
955
900
976
772
1070
959
957
918
882
752
784
982
960
947
992
954
853
810
829
770
915
747
1656
934
853
878
826
936
1168
787
848
1116
1244
923
876
1028
965
922
930
917
898
924
784
906
697
849
700
858
712
944
867
842
822
910
694
794
911
972
954
826
872
856
865
747
887
950
840
893
1091
885
722
848
704
1039
889
965
2033
1030
928
880
1033
887
924
920
966
890
951
871
918
1241
894
922
773
964
964
913
930
953
908
803
922
982
811
992
930
775
929
1162
1054
1114
836
908
902
760
767
895
902
1049
940
1090
918
743
986
906
1057
907
900
831
721
710
719
975
1064
985
1007
891
814
900
905
779
741
932
1252
894
1013
1039
1100
1042
965
863
758
871
772
1439
5882
976
775
806
813
680
878
871
956
1521
1420
1001
877
2535
875
807
904
902
833
836
811
744
821
783
805
714
953
959
1082
872
1001
833
1324
844
894
1036
1027
957
752
916
1063
812
858
885
897
843
962
1183
893
898
781
828
836
875
864
963
833
866
1857
1416
982
831
1099
873
1034
948
1089
890
784
1131
4324
900
880
850
1023
1444
1024
2212
896
896
800
920
863
832
843
787
756
1012
878
901
888
853
875
925
2404
928
975
1271
795
903
927
1019
858
881
763
814
838
756
952
906
947
908
918
774
727
701
766
850
1346
925
903
922
1334
1151
919
904
892
986
800
955
831
922
780
1003
840
928
879
1032
935
1167
1027
780
801
790
738
1140
1048
968
910
950
834
684
761
856
1045
985
855
865
1124
1001
1090
1030
894
2370
803
697
876
760
865
3061
1119
879
2046
915
819
1040
1014
942
901
816
874
813
1187
2261
880
847
794
738
1249
811
1283
881
910
834
846
1062
1001
843
941
858
982
939
1023
985
956
948
1214
919
879
857
837
833
765
722
940
969
892
903
884
841
929
890
822
931
910
891
3503
1050
795
844
866
854
797
2360
1028
856
1129
5498
942
960
878
1173
1009
992
874
1101
922
969
1003
871
920
1263
1057
750
1014
1879
984
1216
1117
1173
781
951
870
1125
841
928
873
783
798
859
955
910
975
1072
5778
909
846
875
841
1347
1217
881
889
867
902
820
972
975
940
894
895
839
824
886
886
877
902
891
923
905
761
809
806
5800
945
1037
784
1019
771
1663
826
895
807
928
992
1041
1012
926
843
891
1068
1008
1589
854
898
953
1168
1059
973
866
836
1910
882
776
1283
1281
837
903
833
957
881
979
762
931
795
937
796
873
1603
1268
949
832
864
825
773
730
662
832
817
959
853
866
857
1070
980
819
936
853
908
865
994
885
955
862
869
847
818
845
725
742
819
926
934
1002
1258
1324
973
898
832
763
732
700
888
803
833
904
890
878
846
842
665
941
1021
886
965
785
1396
913
1840
941
933
834
869
706
882
1002
977
989
966
1024
844
856
960
818
907
815
749
1130
1720
957
947
874
898
847
715
816
800
886
859
904
747
1024
756
1017
835
951
859
892
850
821
659
815
833
854
842
4708
1272
1448
1075
841
820
826
794
925
1005
840
1427
2653
1000
1012
971
729
990
1063
864
993
788
983
1107
1316
1069
811
832
851
844
863
909
731
969
906
830
852
780
837
815
952
837
1000
872
801
804
827
754
950
993
1096
892
812
793
735
914
883
1758
1252
920
824
866
820
838
814
802
2988
1656
937
1145
1159
1672
1322
922
812
767
772
889
913
1901
1028
819
864
817
796
784
851
849
878
769
766
925
1048
950
1079
889
751
818
913
876
931
881
1685
1001
932
1337
907
882
814
911
945
854
779
919
1001
868
849
883
2453
1004
2579
1000
1184
789
1201
813
876
781
911
928
817
929
814
1131
1052
849
841
734
748
845
1048
990
876
916
819
911
782
790
3803
841
763
966
790
779
981
957
804
1182
2227
1148
2073
886
854
828
810
811
937
903
791
814
741
821
835
1109
912
805
828
770
892
1119
1418
992
901
976
904
853
795
826
798
1070
835
767
821
859
775
953
865
814
885
673
955
929
889
842
956
909
809
868
726
897
871
1016
865
926
904
844
1028
1069
921
921
938
894
960
999
961
1009
866
855
835
897
919
765
765
942
855
925
864
989
1094
825
1760
848
885
899
1329
844
868
831
787
870
891
1263
950
854
851
880
1301
897
948
879
928
932
890
838
1082
929
935
4978
902
947
840
835
783
920
835
873
4475
758
977
850
942
1077
1006
896
756
839
861
5003
1235
889
852
831
762
915
742
978
895
914
789
1104
951
917
909
918
870
843
811
890
734
1852
943
819
837
780
870
703
770
904
2228
790
820
847
850
860
849
882
881
895
1430
825
872
894
1250
1828
2217
842
2292
932
1262
1246
846
826
916
850
928
931
687
942
723
971
868
806
1147
1726
953
952
919
945
889
867
924
842
809
864
850
772
746
736
914
981
830
1047
820
854
784
940
712
890
804
796
756
744
847
931
849
808
857
812
1278
785
908
1014
1785
1110
912
786
896
855
924
888
1035
997
1195
930
985
870
848
927
958
1004
822
1076
1374
1262
831
901
1035
1144
805
694
702
899
906
962
2409
839
904
991
931
950
975
760
860
1862
1018
976
936
903
925
823
796
901
967
832
988
788
808
996
906
854
935
1833
799
816
773
873
938
800
946
1612
1293
803
799
772
797
792
716
806
913
2319
906
2440
780
1185
1238
919
950
855
806
897
1882
988
2665
865
2190
811
925
885
959
936
869
2394
911
870
909
927
991
831
978
839
906
807
1302
1304
2334
2544
981
1854
780
952
889
865
800
855
761
775
825
895
1178
891
958
1785
878
754
865
866
1295
895
830
912
881
800
791
806
807
914
820
884
842
758
857
723
815
792
814
839
925
804
915
1447
1356
959
767
761
843
864
971
762
919
957
835
787
828
906
819
915
829
890
786
800
772
756
696
883
816
840
847
914
786
700
903
810
795
792
888
1027
1564
5813
914
784
741
1088
836
921
856
1219
872
839
831
691
815
884
2291
805
692
903
908
867
843
833
868
839
876
855
789
2976
858
985
2189
851
981
2158
794
1166
786
1032
747
2293
1158
3812
1762
2327
788
818
859
909
982
850
808
743
879
873
963
1049
3909
951
1153
1700
897
844
843
2550
727
989
834
883
814
862
1074
842
717
912
766
1060
864
1490
2063
1006
979
2296
944
822
835
810
701
889
765
895
908
4933
1183
1055
862
759
727
972
852
940
859
875
875
843
919
839
738
816
773
758
880
1020
800
913
889
895
897
2349
923
1044
1478
6011
1197
845
1009
833
990
885
935
1035
897
800
769
760
857
712
676
950
850
867
888
1351
6132
2610
711
844
961
956
858
2206
929
825
845
804
908
685
954
941
1565
957
858
1198
1192
842
880
782
1143
750
768
729
1180
1007
878
791
883
959
1997
1193
860
949
808
686
774
823
851
854
797
807
850
3706
1836
1302
830
2175
1014
857
1629
5816
1155
1004
920
884
845
881
895
842
847
838
934
966
814
945
973
875
873
766
818
1180
1333
6397
1215
964
832
4500
1333
1090
1528
1254
830
831
877
756
1134
829
869
877
926
795
735
992
806
774
848
950
872
817
901
894
1022
1118
873
837
836
943
879
799
798
901
1522
830
998
6895
1451
964
859
1060
1331
844
887
2570
868
807
889
924
982
732
824
800
911
992
1241
1379
1189
832
824
778
820
986
1313
1627
875
875
868
949
1008
898
998
842
973
773
904
821
1053
879
1003
902
862
930
1149
800
839
877
1118
945
888
886
1083
1081
1174
930
1737
880
809
803
830
967
926
926
962
976
875
1198
914
1321
951
885
936
981
1026
917
865
863
814
713
1267
780
790
935
846
921
962
865
966
1607
1169
1051
1306
835
997
972
854
839
822
903
1348
867
1061
836
856
869
1068
1324
962
728
987
1808
1498
4429
1131
851
945
900
1367
1289
1008
942
1020
902
1288
819
958
767
1300
889
849
831
1479
2216
1027
963
850
886
844
881
952
946
3100
917
995
2245
1172
843
803
787
789
1050
1070
1039
878
958
883
891
816
937
882
816
1223
1895
960
811
812
899
945
886
1021
721
825
715
787
880
1058
1400
1601
1251
1276
1006
1132
989
982
944
988
880
1033
1524
1541
6793
832
1460
970
934
1131
1427
1328
1616
1221
841
828
2684
1568
1830
1698
1185
2608
1099
830
1160
964
921
933
1341
2457
1350
1009
1054
957
800
909
956
876
943
915
908
958
891
782
849
969
952
832
921
2382
887
820
867
786
857
992
920
927
809
943
819
911
891
1198
911
950
1032
1122
1860
1177
889
904
1418
1136
976
850
1477
1369
1332
1041
942
778
846
851
836
917
879
805
936
1156
911
4743
1330
1240
1019
824
776
927
1051
848
2512
906
758
1587
814
971
952
993
931
813
871
1098
957
983
906
834
830
870
745
834
1102
972
836
1018
870
804
934
873
1408
1368
930
866
845
801
939
867
926
1113
1749
866
1141
838
1119
1287
857
890
938
3994
1109
732
1094
877
870
907
898
773
971
712
1196
833
913
785
783
869
889
924
831
889
1469
2290
1214
861
872
833
1287
793
866
882
975
2749
887
1089
824
966
743
1700
875
932
666
1030
1044
1373
1362
4794
978
928
1024
1618
900
1035
1444
1427
960
842
822
781
922
930
920
1011
1426
1684
1789
1404
1608
864
939
1176
847
1499
879
845
798
788
1059
1152
973
989
1005
812
912
934
880
800
743
777
768
721
1052
2615
827
866
790
927
987
915
811
847
1628
1666
1360
957
902
978
945
951
835
1809
3011
931
882
840
1052
965
957
992
954
934
811
871
1568
2257
826
813
814
800
1021
1581
2203
947
1211
1266
1302
794
946
883
1275
930
783
1355
1030
1017
1670
1245
751
815
868
833
833
980
1383
1680
887
862
901
871
769
854
961
899
802
3449
879
1022
1681
1270
796
823
844
724
872
819
863
888
785
758
825
820
1200
868
811
845
826
816
941
906
902
951
1162
962
1062
783
934
845
900
822
760
818
1897
1135
1168
937
2378
2294
775
1611
1020
871
2548
919
866
829
911
949
934
1007
933
921
849
1188
1178
1248
927
804
776
772
779
869
751
914
864
809
1028
913
958
851
900
770
792
767
780
944
1104
1631
947
1132
919
781
743
731
979
845
881
829
869
885
1137
944
907
773
886
1214
814
730
1238
788
1101
896
829
822
1888
977
1320
952
911
889
1284
1319
823
860
797
1524
1353
818
805
2521
752
890
1121
1381
1516
1393
1280
1175
1195
830
762
743
759
758
868
755
892
920
965
875
846
944
1017
804
1083
1058
3336
1216
967
1538
1987
871
992
1001
927
913
1293
1014
1676
1658
870
1972
904
857
809
978
942
805
1068
1239
1631
858
882
942
860
951
766
952
760
1917
949
830
1632
1629
763
1119
733
1072
619
797
1053
1230
1234
4355
1117
949
1235
798
1071
751
1103
829
803
1285
3426
1003
1100
729
923
1111
830
978
1557
838
811
865
907
856
1243
1278
800
781
793
763
800
759
5614
933
795
697
880
965
942
851
847
772
1007
954
3395
962
1244
1521
1255
1039
4076
1284
809
1270
1151
936
873
856
817
788
1126
827
790
789
916
838
765
973
961
944
828
884
871
796
740
848
1154
3292
890
881
900
1103
802
1421
1558
1200
2405
825
840
1026
1015
1597
1202
1072
893
1054
639
1122
795
6545
1245
1305
762
796
801
928
1415
1970
940
937
1427
1087
791
859
795
762
1403
835
1230
964
1121
873
882
859
1224
1296
797
673
829
1336
5922
1548
729
739
809
