926
943
927
869
845
759
991
710
817
715
841
623
902
793
742
747
675
801
817
883
2783
1254
879
989
785
771
1719
1726
931
851
2004
958
1079
859
827
5608
805
871
850
823
771
931
746
1049
1019
783
911
1042
804
835
808
896
841
780
948
883
1919
838
1778
789
834
770
894
786
762
925
961
855
875
829
930
947
915
901
875
847
859
854
848
988
957
948
879
837
727
694
795
850
898
930
1007
897
935
990
967
897
878
774
884
896
1052
821
781
871
854
851
807
881
949
882
828
819
818
719
864
743
886
2002
898
829
860
679
863
840
879
1429
872
863
1022
1049
949
1972
966
687
771
899
811
816
808
905
852
850
892
972
950
963
855
799
736
707
846
866
842
832
814
866
795
888
859
885
850
925
896
1290
835
768
873
800
800
785
816
950
827
908
887
853
822
979
866
810
930
889
1833
817
885
881
831
1017
985
884
855
830
912
893
861
818
857
820
1001
964
979
1671
830
1020
881
894
857
852
894
1155
1002
981
960
929
855
789
727
849
753
866
878
872
997
1161
1008
961
889
836
1893
911
819
965
1021
1007
944
864
1489
733
919
927
979
1947
1095
1010
987
895
940
894
792
862
778
914
997
857
897
892
1138
975
1006
901
906
814
719
809
958
914
907
879
877
881
832
823
823
852
949
859
899
869
1195
943
898
936
781
796
773
711
746
856
808
1087
1301
856
973
849
934
783
730
869
922
881
896
941
968
971
787
898
846
846
858
786
892
915
751
1012
726
994
908
893
850
860
942
852
835
681
907
926
919
1051
822
1006
1094
1029
876
814
872
827
733
904
867
1108
958
983
945
1671
861
730
997
986
969
853
957
892
928
784
1087
1074
1658
850
922
728
861
745
901
1784
864
865
798
807
833
864
930
889
839
989
844
937
936
906
898
1049
1163
822
1082
1011
916
857
939
948
927
1009
887
1806
908
854
895
934
1057
935
795
1000
1005
1039
890
853
829
942
902
886
973
872
1706
1091
994
746
1026
965
837
990
919
1100
903
943
937
940
949
849
811
731
781
907
910
1012
895
796
803
789
789
752
710
752
853
835
849
1031
914
868
947
1028
882
1007
888
820
834
812
749
807
762
922
834
866
852
885
879
815
726
917
723
860
835
843
980
900
865
788
875
832
811
860
748
863
967
858
2155
965
992
1797
942
900
839
890
1820
956
901
959
707
815
855
1004
916
936
834
926
1000
938
902
843
805
892
860
865
782
1639
857
869
834
836
889
856
802
813
785
770
897
792
742
730
714
868
950
1088
923
920
901
856
834
772
735
725
885
1021
953
871
781
942
973
1014
947
867
926
998
842
870
933
992
865
857
910
863
807
958
783
844
887
737
864
879
867
902
973
903
892
843
874
913
774
897
908
956
1659
951
826
880
1051
916
839
805
771
972
695
841
804
849
755
744
876
759
902
1009
921
973
782
725
878
699
811
726
759
769
865
898
1829
731
832
757
915
1896
968
1881
857
836
794
736
912
1664
882
777
876
791
855
819
862
1019
898
882
907
899
971
940
772
759
979
852
912
788
715
968
839
982
1128
1899
926
1877
882
931
925
1026
819
899
858
990
985
938
943
851
789
849
933
898
807
845
784
789
940
864
830
1033
847
892
1822
1723
822
769
1005
784
909
934
845
847
878
750
791
682
971
1041
985
940
835
802
954
938
930
963
816
839
768
1847
944
1724
965
892
969
868
887
929
1060
975
864
1028
1164
863
958
840
856
850
852
1051
854
925
988
841
881
937
997
941
909
834
743
726
976
814
1006
944
909
768
882
763
866
773
835
756
948
1801
906
780
793
934
966
879
1614
788
791
932
925
1000
945
910
848
950
804
847
894
816
816
968
849
922
1874
851
746
796
992
976
825
874
943
990
994
905
863
826
920
804
641
776
663
819
849
763
903
942
884
896
875
1808
951
774
883
800
793
788
756
736
841
924
929
891
928
858
895
984
833
900
922
812
931
920
1932
904
892
953
930
988
787
805
964
907
841
868
777
848
995
942
829
739
961
1037
920
788
819
862
930
969
918
895
869
802
735
790
985
767
912
959
920
952
919
704
840
872
860
836
791
874
955
2572
799
974
902
853
817
783
959
834
955
780
952
671
876
854
961
1033
893
878
848
894
1142
1109
975
816
847
884
1087
834
880
874
918
993
957
833
834
910
849
892
854
844
1064
919
836
1784
797
721
834
868
961
2049
1803
962
964
961
1086
911
995
844
948
944
907
1807
847
1512
766
1003
930
835
1040
975
874
806
755
896
743
1008
782
833
1746
843
995
781
890
854
861
839
816
902
808
870
721
781
804
951
952
767
1107
940
804
874
823
769
745
869
930
914
903
874
923
907
814
1028
856
706
752
806
997
760
755
863
2000
862
887
820
899
849
808
811
833
765
889
899
880
910
765
873
962
933
846
890
891
756
1062
792
933
827
875
790
829
724
918
765
1014
2932
1059
755
915
835
726
956
799
942
820
978
803
1029
765
874
854
832
825
831
863
872
793
974
751
1048
766
845
830
886
875
925
832
799
764
881
823
896
701
1005
872
806
1025
915
859
892
845
821
807
781
885
971
908
959
1011
852
1006
968
887
861
1022
1040
941
891
976
848
1087
982
941
845
884
924
834
820
801
810
1744
754
1006
740
744
756
1054
2006
1047
935
818
916
951
1188
1034
1044
837
889
1033
942
993
838
1070
2041
974
899
965
882
770
844
743
939
877
868
905
846
822
767
799
904
979
936
930
919
903
1024
874
1098
2078
875
764
783
830
833
901
731
703
958
835
863
738
878
889
921
897
863
819
803
975
843
973
815
817
795
788
951
989
932
857
852
784
847
792
884
933
965
945
944
834
767
742
806
856
805
1924
925
1100
849
940
883
952
867
839
816
843
858
1047
873
1035
912
978
1197
966
953
841
784
890
910
931
1014
853
830
909
931
871
975
885
1146
800
951
714
771
949
938
936
1757
683
793
849
769
893
916
805
788
1013
1040
890
867
750
774
841
873
786
823
692
1005
901
1037
687
1022
972
887
895
877
790
771
877
916
910
952
1020
838
981
893
837
831
834
908
870
840
829
788
825
903
818
927
964
846
991
877
853
1056
1224
703
1009
2120
836
994
815
876
760
1015
1000
917
905
725
842
895
756
768
815
848
943
962
824
761
828
928
946
922
935
827
741
978
732
931
1833
859
912
867
815
929
939
719
762
789
855
841
791
932
891
914
986
831
955
799
764
834
848
876
890
827
845
892
811
864
759
912
865
791
818
860
777
683
1359
893
960
847
822
809
643
860
759
826
6036
984
886
820
836
780
818
958
957
850
782
798
799
787
2083
907
1811
881
853
1118
917
991
898
851
824
824
795
816
673
986
796
982
841
906
835
889
950
981
837
850
884
1030
847
765
800
1104
828
938
922
748
989
1961
1000
906
2103
729
778
859
839
827
825
835
933
789
792
730
814
841
781
1598
999
767
927
918
888
864
823
998
895
855
773
813
981
967
980
966
1876
941
1872
808
881
790
1989
1111
966
869
793
859
829
863
915
950
914
923
759
1014
943
2249
959
966
947
770
876
873
852
841
800
848
826
865
872
793
744
851
854
827
819
796
742
722
890
1070
870
908
961
838
753
934
786
900
824
966
810
903
887
1053
852
828
788
801
811
875
742
940
990
846
768
880
747
813
721
851
892
800
976
1410
895
751
881
923
802
850
758
803
715
918
771
832
909
949
860
1451
834
841
880
738
822
961
876
805
829
959
918
953
938
847
768
809
778
954
745
916
843
919
1182
2030
1081
861
869
862
928
826
916
801
845
812
779
701
961
927
947
826
823
835
1015
1019
895
849
944
869
863
949
857
790
812
792
753
905
863
847
886
761
780
790
679
910
754
770
804
796
987
935
1003
860
920
1035
934
922
1056
917
878
855
695
842
883
865
979
859
862
805
1101
874
942
916
795
778
884
913
799
895
912
863
993
908
1046
818
813
828
1216
1084
948
940
929
922
883
1010
872
1021
851
964
1026
897
836
1016
987
939
830
1028
837
1089
941
986
866
743
882
847
897
958
838
744
913
792
884
926
868
941
1955
904
895
832
811
846
813
753
810
1000
953
951
1032
946
842
906
889
954
807
873
777
909
779
923
885
924
1769
740
758
768
1072
871
922
813
717
959
930
949
882
828
866
824
841
744
889
957
924
921
895
924
810
966
981
1188
928
938
853
854
822
952
715
968
901
993
889
1023
970
994
946
976
900
892
753
842
834
982
929
978
1944
836
948
745
953
987
939
1946
748
817
784
969
892
911
857
1781
997
782
842
705
733
950
953
1062
1029
4041
911
863
726
1128
913
1039
754
951
819
809
714
1017
937
858
1774
2063
938
864
834
972
878
815
849
883
1804
920
1863
802
754
841
785
876
931
776
879
1090
1007
980
1007
924
831
932
693
884
682
804
840
950
927
957
1020
922
913
870
1121
848
835
861
848
915
1024
911
857
863
885
653
810
823
689
913
879
881
1014
1072
983
879
909
934
865
778
883
707
1835
925
1920
925
805
715
941
893
965
850
742
884
963
1054
947
920
895
963
1005
862
933
1213
1001
761
984
966
954
947
1040
1781
812
750
871
929
980
969
946
943
804
712
736
858
796
769
828
879
851
715
875
982
1007
954
945
925
823
802
772
905
909
932
764
938
855
891
827
1000
990
1044
876
974
737
919
772
870
747
2005
912
809
841
824
814
759
878
984
903
693
918
946
910
817
981
917
999
1864
929
1798
872
998
877
1082
1941
1844
848
810
693
842
726
874
880
789
869
879
921
2184
1107
2111
855
970
939
961
857
953
945
1000
813
937
876
859
900
871
798
875
1062
739
1065
833
816
792
828
811
837
791
853
776
848
915
812
824
776
807
722
775
769
910
1048
982
748
1162
1229
964
1164
916
841
788
939
741
752
913
811
947
841
822
894
1011
946
869
983
899
1082
888
906
924
942
1841
854
875
856
943
845
807
857
769
840
923
900
949
850
853
830
899
759
737
872
827
937
729
828
736
2201
1128
1092
893
853
767
876
876
899
846
959
949
906
773
813
793
847
816
961
949
790
883
1766
1748
846
814
997
763
886
1154
885
780
861
1210
980
895
932
900
856
782
870
787
839
753
980
1097
898
962
987
789
920
911
855
828
864
814
921
924
859
780
786
682
855
747
825
913
830
992
1967
842
871
754
857
995
1750
1667
907
824
997
1839
878
906
889
949
841
826
871
980
907
983
843
880
837
995
944
909
863
912
771
905
1081
912
860
936
870
951
1349
938
941
906
863
832
808
967
900
886
784
780
728
769
790
717
794
1014
1075
970
981
926
954
929
919
836
806
1537
883
814
1788
930
906
1760
845
934
694
831
770
1163
931
924
697
980
666
968
962
892
838
859
858
1674
853
780
918
893
803
764
1057
974
800
1714
1395
908
1105
907
971
956
932
1991
965
841
782
821
918
848
978
846
737
766
979
1002
1853
865
854
849
958
943
950
849
858
813
835
918
983
909
857
857
723
730
750
749
859
747
951
937
881
983
945
769
799
956
910
861
853
822
875
940
887
885
1785
877
1784
913
883
803
830
914
1019
829
1031
958
884
845
823
775
868
910
795
845
830
784
841
736
860
700
914
854
795
802
816
838
891
891
1034
1893
884
889
737
711
902
1025
812
820
904
1017
811
1045
841
1074
801
958
818
827
1734
782
1002
744
2048
874
1719
837
809
869
881
854
867
812
863
835
854
795
911
908
826
803
739
754
856
705
808
918
939
921
916
1931
806
747
781
859
982
919
891
888
825
1036
794
792
870
868
1274
868
822
781
837
951
901
858
835
776
800
749
885
955
882
830
900
749
865
868
897
899
918
856
893
891
781
922
915
872
844
853
921
904
839
808
861
833
746
852
855
892
862
914
855
1078
940
959
901
1955
793
761
776
766
853
787
818
940
865
1870
958
1822
873
745
911
852
932
868
891
831
811
703
857
848
1038
902
891
821
880
874
951
938
1790
929
1034
954
1073
936
878
1000
759
832
1299
984
888
955
853
952
840
842
893
997
910
790
829
846
988
770
894
778
872
814
877
835
930
1021
905
787
896
879
793
947
733
876
963
987
953
828
745
792
706
879
873
674
831
718
960
1004
1019
1983
871
867
904
901
828
882
914
809
879
898
902
667
847
774
882
855
4266
942
966
1410
1098
924
1742
1703
837
914
790
914
931
921
966
1048
1191
969
925
907
840
754
927
828
812
895
1823
795
1583
862
911
784
901
965
1002
949
849
847
904
815
808
803
868
764
775
677
963
912
906
893
923
888
941
935
955
773
1021
1010
933
858
831
789
831
871
888
944
903
849
908
795
799
914
1190
839
784
874
796
1878
847
830
768
828
831
816
752
981
941
945
876
1015
930
1038
896
968
1794
816
789
764
806
781
774
959
931
827
914
887
853
898
800
812
813
692
766
781
918
931
850
869
900
920
867
844
934
782
886
926
762
821
894
1690
732
1752
959
737
922
887
837
788
1798
1170
968
946
873
821
806
842
903
826
835
885
979
1246
1055
904
1867
873
962
918
932
937
858
787
815
815
853
922
888
912
1933
698
1000
923
1017
830
837
817
845
748
695
724
1124
1016
1040
946
763
909
737
999
893
887
793
844
878
742
952
863
844
713
844
683
1960
970
775
953
829
823
936
847
858
925
1695
1720
866
839
714
926
965
714
906
851
998
838
871
704
891
1296
844
4593
926
807
849
810
922
861
895
718
881
863
1848
854
967
929
857
946
1012
908
1816
832
924
908
762
938
1831
928
1631
823
815
1004
929
870
806
799
791
707
734
855
785
911
864
794
702
901
932
807
804
783
813
717
818
903
904
897
816
974
824
881
741
800
934
924
861
928
749
1065
926
890
664
869
809
1005
1869
819
1841
762
941
752
987
866
947
892
1007
802
801
934
930
833
865
764
923
823
823
779
1082
935
855
849
806
1243
735
649
809
828
880
867
909
1911
761
778
712
828
761
809
879
730
897
816
1053
947
884
889
818
836
800
787
754
815
803
862
979
900
858
795
1072
857
838
779
804
756
803
916
884
968
725
866
867
960
817
848
818
784
786
956
969
1024
935
885
900
817
774
923
1047
865
820
983
883
754
972
955
961
926
890
920
928
994
913
914
1773
835
903
808
747
787
830
930
927
732
887
1084
1008
902
891
863
826
727
774
739
914
799
722
947
725
884
767
880
843
924
1009
1035
890
909
839
867
844
830
911
939
841
995
992
836
899
830
904
869
860
851
727
856
862
1000
2437
961
960
869
764
838
716
833
891
1863
2411
904
781
893
842
822
784
725
871
840
749
750
920
918
839
788
813
1728
739
773
742
829
913
852
859
846
852
875
870
866
899
899
982
901
927
942
1915
1937
975
928
885
867
797
911
863
1017
953
929
983
839
871
977
931
882
1985
775
1288
886
958
1009
1943
1030
940
971
786
1160
791
991
870
933
1059
1464
965
931
917
898
880
805
653
731
830
856
888
883
772
877
716
817
867
805
935
861
900
959
858
1969
926
912
843
706
1007
785
1061
930
954
809
893
950
835
750
972
957
958
853
709
772
1033
886
856
778
843
770
870
907
899
817
934
1088
896
902
916
963
890
2117
880
929
827
909
927
894
810
868
762
986
837
921
850
1001
893
819
978
1896
1722
886
855
772
926
822
886
1747
895
1756
814
973
879
776
1062
1047
859
747
982
1061
967
1957
1052
867
761
846
851
858
968
902
962
901
933
846
870
829
901
845
981
955
947
1055
901
821
975
861
817
852
841
905
937
894
942
1015
887
836
914
1740
841
922
773
977
786
1024
944
960
851
877
853
941
910
874
899
805
929
878
967
908
979
948
853
814
640
700
756
965
1764
864
1880
912
1015
836
857
848
847
885
991
1675
916
1024
2147
1870
1033
702
925
803
888
711
988
870
1003
921
954
1006
863
866
822
775
881
917
967
956
880
900
861
857
765
828
759
1002
879
935
841
860
883
948
956
895
906
773
862
837
889
979
911
1856
1011
1059
1039
902
798
1894
812
928
925
976
2123
966
930
864
975
821
857
780
840
883
918
966
929
886
870
784
841
898
829
1001
1135
2059
1064
907
910
969
985
864
984
838
909
862
1064
881
1044
937
925
1799
795
731
904
858
812
917
770
890
689
879
815
787
870
862
891
726
902
708
806
812
892
799
951
871
868
757
1087
915
917
768
722
660
754
821
785
911
959
934
812
772
826
1869
895
767
916
723
848
1080
2001
813
1897
834
896
925
937
887
941
691
955
898
859
791
823
664
686
871
879
954
781
797
945
818
948
879
795
775
717
837
879
874
929
841
888
852
830
1069
1037
1092
1008
871
995
842
819
1070
1094
933
903
907
938
1753
928
1041
935
1149
1804
915
844
793
854
792
773
707
807
941
902
959
840
847
891
899
828
875
1822
822
932
803
1103
1030
885
850
858
897
913
821
994
827
996
895
1979
956
897
1007
847
1053
868
1000
797
941
864
1191
1357
1156
841
835
661
1308
824
846
788
865
1826
1714
2029
929
796
738
651
833
917
910
878
903
931
1015
957
905
926
960
863
894
909
792
733
897
2028
968
1925
811
920
775
914
920
827
840
970
806
917
936
912
848
1722
1695
1606
753
784
733
933
825
938
863
806
779
815
821
771
856
775
955
656
849
928
949
937
938
866
913
806
711
755
977
977
958
677
850
791
1058
871
883
805
917
756
923
806
988
832
938
968
928
665
953
1138
913
823
818
822
918
837
1014
957
970
1913
853
1755
740
915
823
957
988
896
940
926
941
912
861
698
935
747
871
1846
890
779
926
970
1169
903
926
825
797
860
875
967
958
861
948
867
883
892
847
1024
880
2683
965
998
807
873
925
2292
1744
718
923
923
7872
812
917
817
919
809
875
805
883
844
1030
1008
884
793
842
870
778
703
938
854
857
1744
787
819
926
776
889
774
914
842
794
889
914
933
846
1588
820
904
963
791
888
946
722
1887
759
930
866
876
846
2104
856
981
897
2502
998
919
855
995
927
944
879
914
751
883
943
962
813
929
862
1017
879
979
1118
913
846
785
895
786
820
723
990
968
888
877
1754
914
979
893
1050
845
972
917
940
969
904
871
1079
847
967
817
793
845
1836
804
1794
970
815
977
787
902
817
815
899
951
908
1014
795
834
778
785
758
936
986
925
913
864
835
903
901
867
941
857
961
799
1042
940
907
883
869
764
864
833
813
898
787
920
1747
1002
948
941
1100
894
2076
932
873
933
777
1003
883
936
884
839
934
1052
863
882
765
908
730
1033
1045
902
814
800
792
825
723
954
949
1016
839
2047
972
768
827
780
808
891
2168
753
831
732
869
1174
914
1709
802
820
783
640
699
696
955
839
861
980
750
912
971
869
790
815
830
745
826
911
931
902
832
914
874
952
844
879
808
840
780
800
1003
787
921
801
849
791
892
899
1886
906
869
966
818
930
782
929
962
908
799
827
748
959
912
922
883
900
718
948
953
1013
1016
912
919
974
856
1946
967
900
896
1212
954
731
792
891
889
822
904
894
982
868
840
882
837
900
885
932
823
997
935
893
2043
889
809
924
687
845
794
733
824
1117
974
927
876
864
821
1719
844
923
903
707
961
845
894
908
861
876
969
769
922
1036
6149
895
983
779
911
833
966
889
1087
884
881
806
808
844
950
789
866
818
828
818
820
864
849
864
956
911
844
811
765
788
781
655
714
775
955
1752
813
833
811
803
919
887
845
917
899
991
829
881
888
791
1056
1123
945
905
922
760
957
902
868
983
1942
852
1888
2033
786
853
777
903
908
1027
882
861
873
836
819
974
858
914
830
791
741
713
932
939
914
892
980
817
800
778
1063
892
1015
974
911
890
976
943
785
842
779
944
744
937
767
897
923
858
956
1033
784
870
865
1020
813
972
1868
810
915
832
707
911
882
888
905
961
858
766
1798
823
892
800
938
838
1119
1027
927
862
877
800
868
867
921
962
1019
957
877
1068
818
936
918
848
892
854
932
859
864
827
815
799
768
802
835
909
881
952
926
970
1045
816
964
915
815
825
888
808
977
952
869
887
969
1211
952
962
849
974
858
825
940
885
1001
997
1828
846
866
781
799
796
893
794
1009
952
858
834
839
919
821
920
979
946
2144
881
888
985
861
1031
939
861
1807
878
1693
900
911
917
943
906
942
908
960
936
1030
842
949
870
958
863
869
840
827
1030
1021
891
873
794
869
812
773
816
995
896
1076
982
833
920
864
824
853
732
782
893
828
919
959
894
848
697
771
794
1035
791
917
774
830
811
987
834
846
811
966
831
893
1006
1072
822
1019
972
818
729
938
856
789
1068
826
885
830
775
811
815
825
722
732
888
912
1959
870
671
845
712
722
778
677
837
1080
682
870
824
1019
911
886
922
897
980
900
789
817
875
843
896
885
858
843
957
787
907
877
963
1023
832
1072
980
964
966
915
899
806
1860
922
882
880
865
1666
1721
916
910
894
738
917
779
863
961
936
1804
963
1155
991
988
1009
1037
896
1080
775
826
908
928
973
918
890
884
762
825
787
819
916
937
743
1001
927
848
886
857
1886
1336
986
842
871
878
810
868
934
885
882
794
795
779
985
894
905
879
778
904
805
920
838
828
855
1040
981
1922
864
835
821
894
915
909
876
1778
893
867
747
956
770
961
925
962
970
876
795
967
1055
898
925
905
955
830
849
784
788
785
828
853
898
832
845
842
925
1926
998
1867
916
1100
858
941
3011
876
1059
928
989
890
989
856
909
805
934
864
811
880
905
855
893
837
802
711
865
871
952
879
878
829
796
813
1027
905
915
862
866
900
884
726
911
831
938
923
978
941
892
928
1927
913
686
919
878
1097
968
978
968
884
862
718
751
906
769
987
784
781
715
993
876
986
1058
946
887
824
929
859
957
873
976
930
764
794
889
914
941
896
849
800
705
814
802
914
926
871
934
1057
1853
918
1915
857
771
802
929
873
1179
814
846
845
1124
908
868
776
885
723
887
866
825
874
943
944
1044
945
909
1051
779
1021
916
830
930
1064
942
868
862
906
797
971
769
904
885
825
949
1093
1060
2069
974
873
944
1369
888
990
983
880
951
873
1775
866
812
770
876
846
937
1577
2238
1012
1057
977
944
941
950
830
966
860
1031
968
891
854
888
822
867
848
1067
872
871
771
788
733
812
781
851
988
961
924
920
899
867
839
1001
800
875
1899
821
990
911
926
920
838
865
801
809
953
953
871
784
873
1009
1002
896
886
843
887
902
855
818
904
846
1741
881
883
846
870
2128
895
853
778
901
717
696
859
748
915
916
2487
1371
780
918
1040
981
789
1791
742
806
977
822
963
1085
835
897
814
823
725
2030
791
989
979
3784
940
1067
1078
901
924
874
878
842
720
908
873
928
982
958
933
870
780
726
780
877
878
918
797
876
857
909
860
979
924
886
917
888
822
813
941
1775
1833
827
741
902
881
740
928
964
899
829
909
729
867
1114
1024
968
2017
884
856
811
667
758
825
1006
901
1004
982
926
2080
893
1955
879
846
890
780
814
893
815
836
826
885
817
771
745
812
816
794
920
963
759
963
933
859
882
1191
1246
741
782
1012
844
846
828
823
906
800
860
714
861
739
883
784
771
951
789
972
866
964
839
816
1820
799
774
773
749
836
785
812
758
881
1886
1504
924
786
814
841
1019
865
977
1708
856
911
790
818
914
1066
833
920
848
1003
864
1045
1815
1725
1808
913
936
1202
842
889
837
798
790
766
742
690
775
825
874
783
1100
815
943
799
900
842
807
791
1838
766
876
851
880
879
923
809
793
795
788
897
906
928
881
1005
946
905
869
752
921
1120
838
902
926
821
865
976
859
904
897
871
898
942
757
915
879
955
1079
1080
939
981
2183
896
888
849
942
922
1051
878
903
954
898
923
960
827
987
873
909
899
803
760
939
857
861
847
866
1831
1706
1721
770
1000
839
1141
986
1755
1755
1636
822
843
982
896
889
822
1095
894
890
792
791
1006
944
872
886
851
712
813
1033
989
803
1846
2132
743
802
808
739
894
906
855
868
813
844
822
907
917
795
894
833
759
974
908
1030
925
852
842
1933
1018
779
780
724
996
826
906
839
880
857
879
694
966
819
906
740
752
789
865
866
892
827
846
708
857
902
809
802
992
1036
923
795
1037
791
903
893
968
824
846
684
914
807
904
882
953
828
801
753
694
907
949
934
937
846
1237
854
901
779
900
1184
1037
989
913
932
736
911
984
878
866
798
962
851
988
881
868
971
1348
1156
936
1031
990
962
1051
955
804
908
965
860
843
900
886
815
728
944
880
848
938
810
885
922
760
899
929
811
822
730
929
840
765
911
699
970
849
834
945
914
883
848
778
930
872
712
954
893
829
1170
1001
878
871
822
802
816
775
838
785
859
888
817
771
800
791
828
809
1086
791
1050
880
816
980
1160
903
864
836
819
776
814
784
858
898
929
884
914
967
958
959
861
764
873
1340
897
1944
879
1758
799
822
882
946
919
952
993
844
860
788
820
887
792
855
798
898
1223
1298
942
925
971
856
921
768
755
1058
1092
920
926
914
920
844
826
698
762
1020
867
762
934
881
866
901
791
891
869
805
776
762
818
754
867
948
938
910
865
857
799
708
800
841
853
893
1031
705
968
984
966
991
887
826
859
819
825
768
853
908
1740
966
1815
798
769
815
846
993
916
923
864
915
978
997
1034
963
912
865
931
818
1042
939
853
774
840
778
787
761
756
1019
906
1061
853
817
925
815
940
898
855
829
817
933
976
863
840
865
785
910
1758
731
710
1223
928
920
874
804
1773
888
767
1094
753
912
806
825
725
854
1495
1120
956
846
840
788
821
951
1392
950
989
1070
986
934
841
762
801
819
880
829
981
861
859
866
819
761
767
1008
913
744
895
866
887
775
795
858
983
931
910
1861
1336
699
901
770
967
909
991
885
894
865
903
755
965
798
887
830
860
968
878
1017
927
865
835
810
810
814
712
954
845
776
1055
889
936
874
893
940
971
792
934
712
775
2074
774
890
1048
1096
886
907
800
856
752
922
776
1071
884
1080
792
1710
924
833
900
882
877
925
724
1024
777
964
1097
953
980
873
907
840
871
691
931
943
949
897
1009
1009
1132
775
900
946
850
793
863
720
953
763
1008
928
1011
896
805
756
916
793
803
761
933
796
861
823
905
801
847
782
903
842
929
905
985
1313
919
852
954
1929
1777
871
725
860
719
1010
912
930
1990
850
1017
958
880
835
1009
902
888
706
936
2025
894
1034
998
829
956
1777
908
879
749
847
810
1973
1986
2053
833
854
882
984
833
1003
934
903
942
971
1025
1282
875
859
1866
783
865
726
1232
920
929
828
838
804
877
826
860
932
902
860
909
1769
866
823
887
975
831
868
815
840
935
934
946
883
810
779
837
895
898
797
877
1705
781
990
1021
939
814
844
791
814
812
874
852
1002
874
913
873
930
779
868
740
804
742
770
940
810
900
1276
913
958
805
869
777
778
891
768
922
991
666
1053
979
1019
961
878
827
807
800
863
832
1036
951
918
889
819
726
706
643
685
611
833
735
998
837
1057
812
984
699
956
847
774
4276
879
842
852
895
745
922
874
882
747
908
781
852
1004
991
944
987
920
1037
1735
825
838
760
845
755
910
958
930
931
863
820
854
851
807
799
809
886
927
811
931
788
874
841
991
796
825
847
836
888
956
853
892
936
825
821
815
789
984
770
966
848
1033
822
812
1059
937
820
891
827
821
962
952
822
753
916
786
775
735
781
927
828
762
951
856
853
826
818
827
781
1824
784
714
926
931
915
1899
880
1141
829
785
836
873
1844
720
820
792
810
734
827
848
849
970
895
886
776
894
947
908
844
1887
846
896
730
1779
921
869
1047
904
992
897
2191
920
1525
1909
883
773
940
1017
1015
967
895
821
806
833
890
925
854
1017
4727
873
825
803
817
872
875
877
905
884
976
735
965
849
796
863
743
904
931
871
892
1718
760
947
787
995
827
864
850
807
928
848
776
939
816
854
976
875
886
851
848
830
814
907
883
887
852
904
717
962
721
896
981
717
901
1777
912
806
972
897
833
832
942
705
874
861
1874
822
757
764
765
833
705
1057
1084
902
724
773
959
969
937
895
2076
843
787
867
756
927
900
895
824
863
910
815
950
851
941
828
3600
980
730
755
849
1830
848
803
694
797
821
900
869
929
835
896
745
729
893
810
1885
1019
928
866
806
837
906
871
995
861
874
957
798
895
927
1007
872
906
876
870
691
805
891
893
965
897
831
962
882
878
724
935
911
861
856
877
905
927
792
881
915
1931
942
794
809
710
689
942
848
888
1219
986
1020
929
998
873
876
759
942
893
879
1963
825
887
852
927
1034
908
830
743
671
781
923
707
860
784
920
955
1529
1948
1835
917
1009
877
866
800
2074
1053
968
948
1040
844
877
824
736
2725
824
1055
908
881
796
1972
960
770
869
982
982
869
833
1001
862
769
839
719
760
871
754
884
888
839
824
967
898
794
983
843
834
788
839
835
952
881
950
891
834
828
859
826
761
746
990
799
877
816
878
894
1126
1028
989
2135
2169
791
864
892
879
1724
888
1745
998
816
729
880
813
1098
910
853
1038
936
965
991
864
874
811
819
789
973
793
1020
1131
1007
915
964
870
1064
831
727
790
900
804
845
793
763
822
1019
949
896
872
871
886
803
853
798
925
957
895
871
782
1754
686
923
913
936
855
800
799
842
812
956
801
1048
901
1012
916
852
884
927
1028
981
1051
955
814
761
822
885
960
836
920
783
1028
1253
945
2353
836
983
868
994
801
776
939
936
822
858
830
860
992
910
775
842
963
869
694
1008
875
958
878
1074
865
1878
1844
821
806
1236
711
837
1017
962
931
894
722
777
808
874
781
742
833
895
751
886
923
1889
799
940
861
804
798
799
878
854
819
860
1116
1026
934
804
865
1080
664
1002
1952
861
786
842
1045
707
747
805
886
1121
1533
924
872
817
875
870
1018
932
1431
1044
853
917
807
954
706
737
822
810
890
709
817
972
2055
805
836
780
920
925
933
843
833
957
1026
1027
946
937
921
1879
849
765
801
822
903
765
969
900
933
823
871
815
770
935
832
925
875
859
772
880
863
711
853
875
889
921
883
907
781
1024
925
963
887
842
785
813
800
936
951
1030
935
837
790
736
924
901
875
852
821
749
922
1045
902
840
809
789
839
845
881
879
804
883
982
725
821
805
911
918
852
852
801
817
731
807
848
928
880
999
794
821
862
983
859
902
841
1012
782
846
1024
1024
934
889
736
879
1008
2083
862
857
962
819
929
906
4788
893
933
744
860
940
843
830
787
924
1161
1003
1913
792
1962
693
973
964
891
865
832
831
796
699
812
1023
879
820
846
987
835
794
777
1026
779
1006
1048
1006
937
751
782
769
845
760
844
904
777
795
832
922
701
804
761
946
707
1026
922
947
969
946
849
1875
825
901
905
719
830
800
724
760
750
638
672
720
821
957
930
916
877
780
931
813
942
790
854
949
818
743
829
798
981
880
834
783
862
987
871
940
1024
1116
904
861
893
967
1050
923
1008
923
894
755
695
942
1016
966
925
854
1858
832
928
811
824
858
1194
895
818
822
878
1072
900
907
827
838
805
920
818
747
766
6238
971
861
795
808
847
931
877
961
696
916
762
990
960
971
915
838
2103
868
859
906
6685
831
1000
781
1017
1013
882
820
882
2020
939
878
872
862
781
828
791
941
807
1021
800
934
883
767
891
1094
1051
935
1017
942
882
724
1012
962
949
846
845
892
932
781
749
872
790
936
847
877
783
787
961
853
942
1966
853
891
890
721
753
959
1014
910
728
786
827
2189
853
1038
947
892
776
907
848
1010
744
1132
879
1047
2017
1851
796
775
720
914
980
959
826
838
813
842
906
867
813
935
914
868
773
963
870
2036
865
919
765
927
918
929
973
3884
975
815
1097
830
888
825
796
797
807
725
715
693
845
807
801
866
913
758
783
668
886
889
971
1993
828
842
1374
965
899
932
921
1001
775
756
790
1164
877
935
932
2471
1913
841
835
770
822
843
1791
903
886
1315
846
2049
884
923
916
843
981
886
855
827
861
945
833
733
744
827
761
882
802
997
958
854
836
989
903
1042
814
813
869
827
855
1043
936
907
813
832
1499
879
922
929
2268
2168
943
949
857
918
783
871
1021
798
839
953
822
934
1019
851
864
853
820
814
725
950
820
914
888
836
1023
739
872
891
2744
1069
811
823
758
879
828
859
874
867
847
816
862
745
780
688
742
907
806
930
797
913
952
937
987
982
947
845
913
964
909
789
717
891
961
949
921
850
863
710
784
742
805
783
3777
928
999
1312
1011
849
953
876
851
864
804
911
842
694
828
721
842
859
976
1985
748
919
1054
880
844
978
953
908
765
734
880
889
1098
902
853
1202
1798
880
851
858
795
840
893
922
851
845
818
860
928
916
706
768
689
1006
980
788
811
883
901
946
959
999
802
836
831
1498
972
737
925
781
919
949
945
925
925
908
943
920
1066
1943
2054
948
768
827
940
946
812
863
853
931
808
780
650
694
773
681
727
727
874
888
845
887
887
744
833
850
837
795
768
901
759
844
996
1321
923
870
845
784
826
800
850
710
879
875
2808
940
784
942
837
894
881
889
813
891
909
1031
801
777
939
877
944
932
875
870
830
874
882
855
934
940
832
893
2024
959
946
1899
900
936
994
1007
867
690
765
774
895
4741
848
948
895
981
889
931
888
2192
933
1009
1222
870
994
2149
821
911
904
1026
910
851
914
911
872
977
827
1002
719
961
891
837
824
1025
771
2189
2200
2374
866
865
846
745
830
873
995
947
1079
2094
1060
910
913
838
880
809
954
893
835
975
996
923
932
1145
909
918
875
714
1060
949
1050
926
907
2008
890
1072
856
917
831
767
833
760
908
961
2139
913
922
937
753
743
808
897
881
887
895
931
868
783
824
863
1048
816
856
2954
928
992
1688
961
2152
867
915
791
830
800
3470
2697
1172
1076
912
989
832
2192
851
2177
972
807
826
867
983
896
813
925
791
748
746
916
853
785
815
799
825
769
796
871
975
996
2098
974
862
954
925
919
839
933
889
896
817
982
869
1114
1029
1184
814
980
929
762
959
888
889
744
895
717
792
886
888
978
3530
979
760
847
897
920
767
1068
954
805
741
778
899
914
818
979
842
807
985
2420
848
806
863
905
844
875
854
822
876
943
858
987
1119
969
1546
764
946
814
2736
876
948
1057
811
772
735
824
890
1041
966
726
800
914
903
934
840
957
898
1101
848
752
777
763
815
981
958
965
941
906
867
867
912
905
2417
802
891
859
970
904
1195
1026
1048
1220
710
2071
798
941
888
928
1077
909
964
935
994
851
904
891
840
915
930
1007
1405
958
976
897
878
952
778
815
1031
809
1075
946
938
885
857
838
822
814
867
842
843
920
943
912
861
5838
2112
897
791
942
945
1622
1952
914
1062
1237
1102
1070
1245
946
786
855
784
894
813
721
942
811
939
838
853
915
876
873
887
1022
955
994
911
963
1035
932
953
910
895
819
863
825
753
852
987
743
925
1119
1419
970
1010
970
1195
914
932
935
931
827
820
944
1025
1036
915
828
751
974
816
2004
818
885
845
891
864
803
952
842
934
1003
923
920
3276
1010
1102
1161
1045
883
2055
838
923
734
1061
895
949
925
1041
783
1095
897
1021
890
884
778
737
762
927
961
895
1063
849
969
781
872
743
821
830
871
784
846
888
968
896
1035
803
864
753
779
704
924
774
864
845
789
932
993
910
860
899
1023
894
790
838
957
990
967
864
915
790
798
881
798
1058
808
871
843
690
858
803
1246
953
865
866
819
778
762
855
893
1105
1025
946
935
927
908
764
1437
1113
1008
1029
852
811
918
792
1121
6212
864
791
849
948
965
961
895
952
2630
946
946
883
953
909
865
737
869
961
865
883
917
856
925
910
900
909
1008
1057
939
936
867
901
1385
946
884
879
786
828
782
1992
879
897
716
919
1015
985
933
2043
888
796
3303
1028
905
908
897
802
862
814
782
787
850
813
855
849
894
769
930
874
844
800
755
811
910
709
909
924
1847
1062
1132
1070
1083
921
862
848
947
962
1029
950
844
763
956
1062
888
1001
827
898
841
1971
773
1252
696
839
974
1024
862
825
939
903
899
988
948
933
933
799
971
923
2118
754
816
890
924
856
977
761
932
862
994
872
1383
930
847
878
804
1949
908
2013
1054
1106
932
985
2082
842
739
929
1044
1009
854
1993
1083
1368
1939
873
2057
735
857
781
939
707
1064
766
777
920
799
769
748
719
823
980
1330
979
974
896
2127
791
764
903
814
969
912
804
801
993
949
915
856
897
829
1004
797
848
1085
1055
871
1037
1022
1196
2371
975
891
961
916
756
783
952
869
2001
854
800
847
936
845
898
769
3557
796
876
843
896
817
762
800
800
897
802
747
794
913
1878
959
1242
1419
1235
848
776
909
731
712
883
936
992
843
2010
1129
1436
1333
917
2189
776
2060
738
939
800
923
887
953
843
856
773
901
825
798
2078
860
1291
844
908
794
1042
891
698
862
862
875
913
888
825
784
772
889
904
836
1014
957
820
889
843
929
783
884
847
939
851
857
2226
912
790
776
865
844
850
968
2068
767
969
2263
896
1339
883
812
950
805
863
857
706
842
919
819
792
847
838
697
837
1018
922
1034
1519
928
911
968
1016
1169
903
895
859
822
751
727
731
785
4718
920
890
857
896
783
892
962
970
1060
2504
1067
971
890
1390
902
828
1641
837
2374
881
907
881
907
783
745
956
843
780
940
720
844
877
859
936
880
853
795
960
1028
1312
848
786
720
807
710
946
875
836
809
870
832
898
781
885
729
870
1986
805
3201
1121
1259
3978
925
1059
961
927
831
928
843
762
865
1977
787
1920
913
838
1053
927
931
759
1019
988
1521
831
796
861
804
768
1016
898
1490
967
848
1080
836
869
2084
1950
1972
867
815
854
959
916
961
898
882
840
802
855
990
940
4143
1073
1007
2060
865
881
838
976
825
840
894
807
927
940
955
903
782
824
702
781
844
813
892
887
890
968
1491
1127
985
855
887
887
947
800
929
920
903
916
818
2652
1407
844
786
825
765
891
813
1443
925
879
868
849
793
840
968
814
730
876
781
814
810
1562
1067
903
892
2090
828
826
767
1012
2305
845
824
738
975
1114
967
875
782
820
870
831
838
748
732
1010
791
1038
1265
732
1097
914
847
871
791
767
956
873
955
965
814
917
2341
863
888
736
872
874
1008
745
1120
931
886
823
864
833
774
959
1014
885
850
783
719
674
905
850
1269
859
748
888
1527
890
2013
825
2321
969
1050
887
904
756
794
932
919
889
896
873
1213
1540
935
901
829
858
764
851
707
5521
845
861
867
794
842
959
1012
1675
995
894
924
1100
1291
1036
935
1037
1059
858
829
896
1102
980
2112
975
836
878
896
879
731
847
902
881
797
1354
1192
1213
815
887
1980
911
813
986
835
791
3904
1111
729
897
982
742
877
975
867
789
1071
999
888
740
874
836
810
1502
1138
914
782
867
728
925
876
790
736
845
843
873
751
800
851
731
906
815
1016
770
895
2270
1122
1753
1027
796
953
878
883
959
989
988
816
1003
2516
873
1011
794
940
946
988
804
960
2031
804
846
765
873
977
848
2102
821
694
916
826
929
768
907
924
893
974
2253
991
1054
1252
853
937
852
846
750
946
837
761
888
854
1140
962
872
879
839
882
798
916
844
834
1030
982
910
921
808
734
791
919
882
738
849
826
938
766
978
917
988
962
844
858
797
951
852
865
812
930
749
912
1343
2110
893
817
789
871
854
867
1107
926
966
843
884
726
712
821
840
942
906
2345
969
886
834
1019
860
896
954
905
830
849
931
1906
1002
839
982
900
2139
949
818
869
1255
730
855
709
884
941
1745
997
856
1056
874
1121
1006
851
1000
811
2031
933
798
922
902
1694
883
908
804
994
876
952
2421
924
964
965
817
927
861
904
902
820
1043
805
990
835
1175
1098
877
881
890
850
854
818
857
836
862
701
734
872
915
1061
765
843
778
656
884
1066
1341
856
863
869
720
826
802
898
950
920
916
844
826
808
792
869
877
969
963
881
892
766
831
932
7662
1255
946
831
899
919
2007
933
2020
867
799
865
993
1010
1219
2013
956
877
800
869
1034
2388
775
731
732
1027
814
957
909
912
842
842
902
927
918
879
738
883
911
966
878
952
953
1009
1660
924
931
842
2079
918
852
979
1004
838
852
850
946
850
910
858
1630
1012
907
891
946
2251
913
981
920
778
783
734
832
977
937
939
755
756
857
765
869
960
776
875
2033
893
747
823
865
777
876
804
743
941
925
1066
897
909
828
766
1089
961
937
979
850
2087
836
1821
1004
706
967
889
909
783
831
707
921
687
813
779
876
704
913
711
907
823
929
831
781
839
819
774
875
916
826
870
799
715
874
821
969
884
1681
859
1013
897
849
737
748
823
819
910
762
845
1060
859
890
833
878
857
920
877
818
929
899
901
879
970
865
965
948
843
923
833
895
941
957
1513
924
872
788
756
819
871
752
744
4685
1248
852
749
882
864
778
812
961
812
979
948
986
941
883
896
842
815
781
797
906
959
983
914
948
838
779
827
701
884
810
722
1132
968
916
833
913
923
839
819
795
879
869
859
940
1076
1017
977
742
787
798
774
820
1016
864
857
876
900
874
768
789
847
787
892
1708
988
850
806
740
848
844
832
831
910
804
766
1161
1825
2618
1117
935
771
781
964
763
657
924
805
1478
694
853
949
4419
945
2491
828
1091
1190
1144
932
2147
1012
918
703
770
680
996
865
999
816
847
882
931
1872
958
843
960
985
801
775
875
3293
1366
865
1645
762
972
742
879
856
770
844
794
896
867
884
859
825
823
741
698
661
979
852
828
777
1105
1081
911
889
896
874
741
876
882
809
767
764
1831
1215
737
932
1023
911
980
1680
918
888
890
913
806
1580
760
729
1137
1182
1061
964
1240
981
934
864
949
924
982
937
889
986
986
905
903
921
1159
1533
899
903
1002
1148
1103
884
1007
809
927
847
1034
813
2450
1077
1057
918
855
851
858
784
833
935
865
934
952
897
789
754
850
994
1328
955
815
926
897
935
1020
1079
910
937
898
872
892
907
1075
906
967
951
893
719
1105
922
801
840
1048
917
1011
1030
958
833
880
807
908
750
839
835
770
847
787
842
861
828
780
880
880
834
896
1052
829
843
862
929
1033
971
936
1025
2263
938
1099
731
828
725
959
1091
870
820
869
827
859
1061
1068
895
886
793
792
664
774
845
824
996
1006
1014
872
862
952
986
855
2134
646
853
696
750
1118
870
962
796
888
860
942
830
763
900
770
1043
967
987
863
865
882
716
808
720
748
963
872
855
799
755
975
2116
942
2224
843
874
924
747
739
691
854
839
806
943
2350
717
913
816
964
901
1210
868
652
819
1502
963
876
938
899
1009
815
711
855
920
852
868
870
861
745
736
738
921
746
889
891
687
853
952
888
881
2607
1106
784
810
845
971
870
849
940
873
764
891
855
870
855
845
711
945
727
1078
1128
2142
915
821
885
893
906
807
838
819
849
816
942
904
839
808
920
919
866
950
861
846
819
867
917
783
733
753
890
1039
1318
851
831
1077
1199
981
3469
1152
914
768
790
810
1002
782
1038
941
832
800
665
847
1046
965
972
861
801
915
1024
908
848
845
887
894
720
878
847
984
809
1322
961
886
667
887
824
915
777
3369
1354
885
1357
851
859
862
904
958
1018
733
890
962
875
946
1200
1111
873
848
766
908
976
806
945
708
955
967
876
865
949
845
740
655
770
894
904
843
883
1084
1289
1127
2371
890
886
1271
1010
2371
1010
942
911
787
780
931
892
944
785
1009
820
941
1044
1031
2702
995
2433
882
1238
864
1491
978
929
850
1055
842
949
869
870
878
811
955
987
729
1075
1757
915
877
807
871
1953
899
825
1774
1007
831
1048
992
969
944
873
932
1043
830
983
821
719
830
1106
828
2293
869
1167
908
856
811
850
778
892
810
960
1473
891
834
1038
961
1012
896
804
900
782
1120
870
814
831
801
1025
920
948
937
845
898
902
934
834
920
915
935
779
869
942
909
941
773
770
763
1095
868
978
880
863
842
725
882
974
764
854
967
985
760
2248
877
1131
1284
984
2620
1114
803
781
849
759
847
806
880
3232
778
723
805
913
811
891
784
681
2530
2430
933
1374
1342
870
905
930
759
843
808
809
818
994
947
894
824
1411
2689
3201
862
916
1014
1008
920
843
851
756
760
863
884
960
965
801
932
956
981
849
948
839
943
838
1364
796
851
677
795
673
1085
851
871
830
886
935
842
962
1837
950
834
1066
1142
1061
990
1253
830
893
817
766
781
2574
850
874
798
719
829
774
870
3983
976
770
993
884
854
966
1013
830
1030
856
844
923
868
877
820
880
1024
915
907
833
1114
818
1007
1054
2532
890
802
894
921
1801
957
778
772
777
744
853
783
822
1397
860
1202
7084
1865
1084
773
877
1015
985
2271
941
1822
1415
906
858
850
782
797
712
1024
918
926
972
969
903
786
739
769
1230
890
1194
738
1259
879
912
5240
1325
919
798
822
892
866
840
811
804
808
722
923
833
805
755
761
1047
1101
985
868
896
933
793
862
951
829
1196
1323
845
845
813
818
675
808
755
988
740
1189
854
858
990
997
818
924
935
835
825
837
805
900
1175
1523
1424
760
905
704
906
799
804
761
827
922
952
987
1553
865
888
921
1153
798
861
924
1029
5415
1299
1206
909
849
952
906
806
809
838
1353
2920
1323
847
955
694
903
886
919
2479
816
845
856
825
750
710
735
731
869
818
935
986
869
823
2024
4608
2811
877
872
798
971
848
896
835
927
818
797
1107
928
938
1087
867
834
900
847
1673
921
877
874
833
856
1379
729
739
1130
2210
787
1861
1292
826
3825
965
784
739
851
815
2411
967
737
842
1083
854
796
764
922
816
1029
882
2261
4782
1200
1004
833
823
982
948
873
954
1084
840
826
1054
852
1008
987
949
853
945
938
2661
1074
999
906
938
924
1043
722
970
773
988
974
886
900
858
917
1202
1471
915
880
1062
946
799
772
722
883
991
941
2521
841
863
757
916
1089
1284
1308
1054
914
998
879
947
872
845
830
985
1198
910
3240
931
918
963
2126
3052
913
898
1008
860
949
884
924
961
1073
887
1025
1135
880
967
865
834
928
992
996
1873
3178
890
862
978
802
967
1165
977
924
859
843
848
805
1082
777
838
849
915
753
910
1684
1615
955
828
831
775
854
834
867
738
1166
832
812
808
792
958
1256
1344
900
848
851
941
1231
881
916
1085
1243
1484
943
840
1025
823
882
843
859
924
886
3245
886
1009
878
900
902
1645
897
776
868
1472
1419
1381
901
948
2327
832
2712
1218
888
821
851
1205
1215
1577
962
979
1279
871
1396
944
918
1214
977
911
983
851
2420
912
1664
1944
3097
1035
2071
797
862
1576
5329
1194
1356
1615
782
798
838
2964
891
1536
1370
1013
963
986
1195
869
960
729
983
895
2371
916
802
836
955
873
896
844
820
773
897
1220
850
916
709
962
2213
877
907
947
912
860
2410
867
1014
1040
1136
1584
999
710
1028
744
1862
1004
898
860
1062
916
679
757
896
1040
1086
1121
883
795
879
4985
926
772
909
907
1313
1768
1087
1045
900
811
828
770
1233
879
907
889
2697
1500
875
956
795
1294
917
963
994
1346
958
1097
993
962
1076
941
889
851
2110
929
980
4744
2936
828
806
819
902
871
906
847
944
999
1066
817
1265
859
867
760
1390
1398
927
875
798
822
722
914
1192
985
814
2232
958
1113
1164
710
756
836
970
905
1189
1147
1270
1628
1304
908
891
917
918
2526
939
1138
927
937
926
1002
760
826
892
946
970
4163
1681
2240
1664
877
904
918
737
759
874
746
833
715
1051
933
2139
1289
1000
906
897
833
943
908
992
6020
1312
917
979
1239
1310
929
917
1038
962
914
1398
1676
2548
925
1061
797
1041
1269
1342
988
945
894
849
862
972
738
894
881
1003
834
998
745
1028
1083
833
786
857
936
726
896
1029
965
1856
788
911
766
777
1026
2423
956
1332
688
855
692
