1058
1175
1143
1029
1054
975
1244
995
1029
1031
1021
928
1023
1109
978
948
1116
998
1026
1109
1015
1033
1064
1039
1056
1002
1048
1001
1075
1005
1035
1044
1002
1065
980
1065
1059
978
1147
1044
1003
1083
1041
1039
1061
1047
1010
1060
907
1018
971
1042
927
1100
905
1070
942
1136
907
1016
1106
1012
1049
1101
1086
1025
1074
1041
991
1006
1013
1082
1052
979
1052
1085
1167
936
1229
903
914
897
1078
936
1070
994
918
1079
1009
1111
1071
1154
940
1081
999
1076
926
1064
933
1151
972
1053
1075
1029
990
1027
1111
1076
1049
1022
1017
1012
1074
1091
1011
1201
1082
1047
1097
1028
1017
1017
1045
1097
1092
940
1060
1058
944
1031
1059
1062
1072
1046
1082
1075
1070
1096
1103
1097
1148
1061
1154
1027
1017
985
957
1024
1029
1115
1033
1026
1124
1008
1049
932
1035
1016
933
1016
1051
1015
987
979
1084
1144
972
1044
982
1104
957
1150
911
1036
951
1031
915
1150
880
1163
995
1111
919
1035
983
1020
938
1188
941
1058
962
1074
1045
1131
1025
1044
970
952
1092
1046
1021
931
1140
1009
1064
1018
1027
1013
1027
1071
991
1151
1018
1058
1022
1063
1024
993
1142
1015
1023
1024
993
955
960
1055
915
1108
995
1091
972
1086
968
1247
959
1064
1061
1109
975
1204
981
1001
1603
937
1057
1102
1098
1068
1157
1039
1052
1096
1048
934
1144
994
1018
989
934
1403
1031
1049
1041
1011
1054
1027
1150
1047
1080
961
1051
1057
916
1116
922
1050
962
1019
977
1158
1031
1043
1035
1018
1008
1105
1014
1006
1114
1005
1047
1101
1028
1032
1130
1144
1002
1010
1019
1057
1005
1062
1015
1044
1152
1022
1018
1057
1039
1001
1065
1058
1052
1156
1058
1098
1122
1068
1024
1062
1065
1089
1071
1066
1103
1104
1053
1079
1183
1079
976
1125
1050
1057
1072
1059
1087
1119
1080
917
1159
923
1049
1107
1095
1075
1151
1045
982
1154
954
1020
1043
1028
1044
987
1109
1043
1109
1154
995
1068
1094
1006
896
1038
927
1072
998
1115
949
1144
1060
1025
1122
1026
1077
1103
1125
1047
1139
1097
1099
1021
924
1081
890
962
1062
1097
1053
1076
1015
989
989
950
1062
969
1005
1091
1015
967
1062
988
981
1070
972
934
1119
1132
952
1033
1179
1008
1041
1094
1030
1011
1081
1039
1024
1097
1064
1024
942
1036
1019
1106
1061
1065
1126
1023
959
1204
1053
1049
1088
1020
1045
1119
1016
1017
1119
1033
953
1155
1065
956
1107
939
1022
961
1111
1026
992
1010
1027
1015
1125
1018
1098
1003
1075
1039
1125
1042
1028
980
1085
1073
1228
1036
1058
1145
1060
1010
1201
1014
1058
1127
1061
1010
1077
1037
1002
1040
997
1004
1072
1033
1092
1103
1010
1036
1028
1055
1011
1097
1033
1042
1115
1021
1059
1121
1011
1020
1129
1057
1123
1114
1064
1013
1066
1008
1025
1080
1052
1010
1007
1059
1009
1129
1085
