1223
989
893
1089
957
1015
986
1412
1005
1043
1031
1019
968
1080
861
972
915
1032
1007
934
1066
1004
985
1048
920
839
1120
588
934
850
855
1025
963
993
1146
1036
996
988
1036
1006
1067
1028
911
1008
1065
1051
1016
1157
1003
1030
911
1025
847
1060
976
975
944
1145
934
1048
946
974
1010
1057
1033
1027
959
1056
952
989
901
1003
1042
908
1126
922
1051
995
688
468
1792
1735
1077
1814
1826
1184
999
1567
1112
1041
1042
1097
1004
979
1095
1216
1135
1112
975
1073
982
1125
922
996
809
908
810
973
903
973
892
944
859
940
955
1142
1469
1017
1022
1040
1044
1150
1021
1032
1088
1045
1005
1116
997
961
991
1000
1021
947
1006
1070
1020
1127
935
977
1008
975
1038
1144
1015
1034
1155
1085
995
1029
1058
989
735
1121
1024
1062
1085
1053
980
1117
995
1100
1122
1042
1044
1079
1029
956
1084
1027
923
983
1011
1007
972
1071
909
957
979
1015
926
1080
904
995
930
1073
901
968
945
955
913
1114
956
1034
904
1559
1116
1394
1056
931
1100
778
1037
1160
1008
1022
1271
1055
959
967
879
1062
1022
868
1040
956
1064
1126
1029
1206
1549
1092
996
924
1065
912
1675
1578
1269
1061
1121
1056
1040
960
1417
788
1005
977
898
906
915
583
932
1037
855
975
1025
1044
1167
1017
1121
1119
955
982
1076
1007
427
722
1123
986
532
1043
1023
1028
875
971
882
1029
1719
1109
952
1052
1082
794
1461
1174
939
1044
1601
1026
1655
1039
1036
1151
912
908
1037
999
989
399
1083
990
1015
1135
602
1031
1082
1040
1027
1208
984
912
950
955
966
1189
1080
1027
1030
1060
1089
948
950
934
1020
939
1525
452
1052
941
1503
1112
1088
1058
849
1089
950
1034
995
1039
926
1024
1092
1071
841
1143
1025
1124
937
938
1044
1528
945
1096
439
912
1074
912
1170
943
1065
988
1028
1326
1040
1055
1089
1033
967
1153
1127
1010
1044
958
902
503
526
961
1015
1033
1044
1067
1008
1082
996
1017
1039
1095
1021
1002
1020
1027
981
1083
1029
1077
1239
923
924
1060
498
1006
1080
862
1096
953
1063
1026
1089
414
967
968
1017
1056
1102
1073
1107
1053
1114
1039
530
1212
978
1696
1454
935
926
1001
949
1093
1591
996
1144
1011
920
969
916
919
915
1171
1042
1024
1726
910
1044
1201
1533
994
1050
1646
951
1017
1018
906
1222
937
1009
1040
896
959
643
535
1102
817
1099
1064
986
923
1029
997
613
1054
1100
979
1090
1118
1054
1076
1190
624
1083
971
1019
1077
1083
555
1003
970
447
1030
575
543
532
1090
942
988
1034
920
1034
955
1062
914
966
1256
1661
1017
1012
1699
1096
1801
863
1104
1050
1109
1218
1051
1063
1076
1213
1058
1077
1044
1105
1057
1110
1045
1152
1006
1121
1113
1154
1086
1131
934
985
996
1042
990
1056
1001
1080
997
1104
1092
1084
1061
1045
890
1660
974
1033
943
983
1036
1014
1016
1020
1201
1128
1135
1095
1200
1108
1125
1193
1663
1083
1090
1140
1012
1724
1645
1735
983
1051
914
1320
999
1061
956
990
1016
1021
869
952
1109
983
1922
1090
1305
1139
1640
904
1143
879
998
901
930
1007
955
1148
1641
962
1977
1616
1101
955
982
1018
1024
971
996
1041
1116
1024
982
995
1088
1106
1054
1144
1047
1033
922
1125
927
1039
1012
1058
1043
1000
1018
1025
950
1477
995
829
1496
1000
993
1061
1097
979
1084
1006
959
1110
1025
1032
1096
1163
1038
1139
932
1033
1122
1052
1104
1081
1142
973
1099
1143
1033
1044
1098
1083
1024
1044
1093
1041
1623
902
1033
1071
1027
1004
1108
1002
1046
905
1075
1006
1062
1012
1007
945
1128
1007
953
991
971
932
1062
1341
1019
1028
1076
1037
1052
916
929
971
998
1020
1047
913
980
927
1061
1039
1000
829
1133
1189
1168
1036
1047
995
978
1011
1009
1057
1049
665
1042
1117
950
1134
912
1100
1044
1059
1060
1068
1087
1111
1015
1060
1020
1165
846
1077
1036
1029
1034
1015
1027
1110
970
1053
673
1021
1083
1123
499
1083
1039
927
1075
1138
1087
1081
1164
1120
1032
1170
778
1098
998
839
1029
977
1012
1075
865
1127
1071
1077
1023
1043
926
1597
966
932
1145
997
705
531
993
1037
994
901
995
1174
823
825
1656
1720
1112
1713
1692
1107
1594
1304
1862
1243
1714
1965
1671
1738
1057
1030
1033
1720
2036
1112
1655
1071
1712
1739
1222
1856
1059
1731
1828
1653
1761
928
1639
1030
1928
948
874
1819
949
1017
1006
967
883
1623
912
979
959
903
1076
871
1086
939
550
823
628
1690
1053
1106
1780
1064
980
1105
952
1060
897
1088
628
935
1105
1033
1068
904
1493
1008
1051
1045
1039
1128
984
988
1148
351
1016
1063
1131
899
487
1116
1822
1670
903
1016
1646
1216
1730
1718
1703
1087
1050
1035
1853
1057
1076
1704
1007
1037
1014
915
1081
1073
1065
944
973
1674
1696
1048
1133
1666
1020
952
1014
1013
997
1019
1165
1643
1036
1639
1001
943
951
1052
1040
899
911
952
1002
903
1047
1143
1166
997
1140
1001
1029
1124
1016
860
1129
995
1006
1076
1044
808
1731
1638
1123
1093
950
1022
981
1640
1022
1121
953
832
1013
1023
924
1098
844
534
888
1065
881
1028
1002
1128
1109
1086
630
600
790
642
599
1085
1008
892
1001
993
1134
977
929
883
1669
1646
1663
1686
1660
1641
1667
2059
1026
1045
1119
1961
1764
982
1010
1132
1988
1210
1021
1017
1124
1081
1034
1041
989
957
637
1174
957
1034
896
1035
1051
438
616
628
1690
2150
1666
1086
983
967
1008
2046
2036
1069
1002
1014
979
843
630
694
636
589
859
829
752
573
1686
903
663
761
591
691
586
1848
1074
1037
2824
2112
1855
1995
1986
1897
1929
1860
995
1983
954
1069
977
1850
1055
1959
990
943
914
966
762
974
931
1090
976
1010
1065
840
767
682
659
978
923
1015
1050
1057
1337
2078
1921
1232
1061
987
1095
1421
1450
1871
1236
1564
1191
1010
1025
1959
1179
968
1001
990
901
632
583
722
2552
2075
2080
3201
2174
2009
2091
1979
2052
2651
2025
1139
1315
1125
1244
1916
1982
1109
953
1020
1166
2010
2021
952
1006
1130
962
1009
965
924
1173
1022
1001
956
1993
1028
1144
1105
917
1125
982
1025
1007
1129
1053
1171
1205
991
1152
1109
1037
2337
1968
977
967
1158
988
1140
986
1072
1153
1041
988
1062
1013
1356
1050
2015
1312
1091
1139
1340
1581
1347
1005
959
946
898
943
984
938
1086
940
1015
1021
1100
1149
996
1030
1018
1124
1041
1047
968
1036
1024
1105
1078
1108
994
1105
973
1112
1014
1106
1028
1177
957
1090
961
1173
984
1144
1025
968
992
1088
990
1020
1124
1047
1013
1087
1041
1009
1073
982
1016
1926
954
1039
1030
1034
950
1513
943
1071
1034
1061
973
1137
964
1087
1127
1047
980
1104
1096
1036
1139
1066
1093
1099
1067
1026
1090
1064
928
1080
955
1078
1033
1062
1113
1051
1071
1026
1284
1021
1023
1000
1015
956
1060
1007
1029
958
973
1040
1019
1023
1009
1031
1019
1050
1017
1100
991
965
1084
1099
899
1028
1053
997
1096
1018
994
1026
935
1071
971
1067
1017
1059
1029
1053
1000
1006
1007
1001
999
978
1021
1021
1735
1043
989
996
881
1687
1004
1037
1013
1025
911
1019
1013
996
1012
1088
1034
1845
1097
1073
1115
1157
1729
1081
1138
1100
1190
1046
1026
1684
1571
1098
1127
1093
1001
1025
