700
998
627
554
588
583
651
833
621
646
698
688
580
611
672
655
633
636
626
701
670
606
688
644
695
766
751
603
617
603
463
348
348
384
289
222
281
262
251
258
439
255
274
271
293
264
222
258
218
251
296
427
385
266
227
230
219
237
252
238
323
237
234
263
275
229
348
263
267
279
255
250
300
237
284
258
239
321
232
282
345
278
293
275
240
245
248
272
256
275
260
229
258
205
212
297
319
204
234
214
175
161
237
205
217
236
243
211
222
248
251
386
208
190
185
281
201
273
240
229
240
278
168
217
219
180
275
220
236
359
296
189
164
204
329
254
206
241
222
173
231
222
165
211
161
239
212
285
144
193
226
158
162
207
226
379
205
223
167
166
311
339
228
193
192
166
183
223
209
265
263
200
234
176
289
310
227
167
245
241
181
238
320
273
175
172
164
232
240
229
221
246
259
204
229
280
184
214
282
201
197
382
217
232
162
231
183
187
213
266
159
263
147
228
308
206
190
150
162
158
169
187
164
190
199
203
181
204
218
256
211
231
203
189
211
179
249
191
213
293
159
238
227
285
186
250
268
228
294
185
227
159
169
283
211
245
191
174
298
175
179
194
213
196
188
207
253
224
292
290
279
207
237
221
299
275
245
183
180
246
249
202
259
219
200
210
204
222
313
180
188
215
205
252
222
212
208
188
267
199
178
234
186
200
192
230
314
327
214
223
248
214
874
243
337
230
319
270
234
251
194
191
299
226
284
275
248
174
200
187
259
178
189
330
255
223
197
202
235
217
193
250
311
241
304
289
214
171
184
191
206
174
224
239
281
194
191
150
210
195
199
166
178
239
248
230
192
171
261
234
299
380
300
202
255
227
223
288
233
255
167
171
258
354
210
218
250
189
254
192
251
278
261
229
214
249
250
190
237
207
250
270
313
228
257
264
256
291
185
217
306
258
481
183
183
279
188
247
311
249
247
198
181
252
255
288
191
321
182
247
291
256
140
203
236
191
231
202
160
267
342
219
308
240
214
201
241
160
279
168
171
206
183
219
323
358
277
257
199
228
191
240
177
209
172
270
214
226
150
204
193
219
140
251
210
217
262
257
215
231
225
208
158
233
159
152
259
301
263
190
237
289
197
179
229
254
272
269
255
216
213
194
205
273
266
255
271
160
269
254
285
223
274
234
245
183
147
204
285
192
237
191
205
220
217
177
173
214
218
228
165
163
202
148
236
223
272
201
540
182
209
299
303
230
220
198
181
227
178
228
176
214
252
191
202
232
176
180
153
273
204
176
193
215
304
281
203
301
242
250
236
208
193
233
188
237
232
254
228
252
262
246
301
221
246
267
225
784
850
791
776
782
755
792
776
843
915
852
697
887
542
617
548
473
452
493
566
696
675
653
679
587
657
658
604
442
427
470
452
390
410
354
320
345
271
313
277
312
245
316
262
347
327
357
348
741
872
832
801
817
778
713
828
828
845
829
748
765
849
810
786
820
768
744
1616
903
745
848
730
843
612
622
559
560
449
475
400
389
390
356
323
309
336
357
389
378
309
336
423
451
370
358
422
344
362
358
397
357
422
367
744
775
745
802
793
734
744
706
518
553
513
513
444
416
429
323
320
365
340
373
348
376
353
352
327
390
355
372
328
350
378
370
333
337
340
321
384
340
410
323
408
314
393
310
427
316
400
351
363
339
319
414
836
885
845
834
759
822
757
838
823
776
677
581
648
542
397
459
369
291
311
305
420
389
398
372
363
407
434
374
408
322
416
301
446
408
347
302
794
344
363
398
368
417
385
387
354
373
424
438
331
450
318
436
381
804
805
818
822
812
790
822
814
687
809
824
948
800
600
544
604
451
431
430
315
306
338
335
354
349
340
347
360
363
361
299
436
265
407
307
396
721
807
682
820
724
774
825
796
768
771
659
840
889
824
832
736
751
617
629
645
702
672
652
671
502
528
420
371
331
300
420
306
323
413
775
922
916
867
896
757
841
836
651
567
618
370
495
565
382
341
343
282
270
306
305
285
359
276
288
290
323
286
316
303
352
311
329
260
361
347
286
360
330
282
310
283
365
341
269
753
767
810
755
796
733
808
786
776
827
718
696
829
748
663
552
428
389
447
396
285
279
374
277
291
344
339
278
270
255
276
294
235
207
166
217
166
233
721
985
836
926
923
1081
940
876
861
901
607
1600
515
565
508
309
451
348
338
393
331
352
408
311
354
366
281
376
261
246
260
317
208
199
242
202
264
194
214
265
205
191
237
227
170
267
231
253
206
204
159
226
301
239
158
176
141
189
263
193
294
253
162
182
262
262
206
877
730
840
843
935
843
829
883
788
918
747
905
887
892
768
665
623
544
454
440
451
415
317
287
318
225
264
250
326
280
291
684
190
299
299
271
311
201
259
248
335
243
201
283
294
274
238
240
261
198
322
209
254
259
217
233
316
303
240
298
314
214
282
213
216
273
220
253
196
200
180
211
311
233
303
216
260
290
261
344
298
315
386
337
308
312
348
293
366
295
296
311
292
370
375
308
356
360
256
316
328
305
271
324
288
309
308
331
312
314
310
314
337
343
338
314
347
336
302
286
377
358
386
410
310
312
372
350
342
355
334
325
331
287
305
359
351
303
341
314
319
365
379
396
354
341
358
351
311
359
292
323
381
396
437
398
381
428
409
322
446
339
466
337
415
347
341
336
312
322
301
416
289
388
342
339
343
340
329
307
340
323
419
398
487
332
342
338
372
327
361
315
311
390
435
399
292
750
722
735
722
725
817
705
761
704
815
685
831
722
825
685
759
501
513
472
431
425
414
432
287
401
292
333
282
338
310
306
285
297
317
226
222
260
253
182
213
230
284
298
206
220
324
219
227
836
864
781
780
820
766
713
792
688
661
758
759
699
856
811
1052
728
693
774
755
869
753
809
841
786
712
767
776
945
920
734
629
607
633
472
505
415
502
370
374
303
398
289
404
656
855
816
901
737
770
728
718
739
790
754
793
951
531
596
671
398
440
364
352
434
368
372
347
346
376
395
345
296
270
354
293
360
290
311
430
325
362
321
407
314
406
303
733
864
742
747
832
827
749
795
787
813
833
814
774
766
788
838
865
893
832
855
848
862
832
711
758
890
850
790
819
776
679
707
846
925
872
775
551
692
565
400
512
369
442
494
485
511
364
476
513
465
506
443
480
446
464
507
433
444
459
441
404
507
368
388
508
403
420
465
418
608
516
447
412
400
413
421
426
390
496
395
372
443
461
368
497
361
476
453
519
477
426
402
476
470
444
421
431
439
356
404
385
471
421
521
446
462
426
493
497
462
494
470
467
450
451
469
481
361
424
444
460
426
452
465
487
375
386
427
564
537
439
459
425
425
360
428
364
477
391
419
540
414
447
374
436
409
370
386
430
432
369
466
427
452
376
471
392
420
345
493
392
408
440
381
362
416
472
425
398
440
482
427
456
462
460
446
473
465
423
419
490
457
492
503
477
508
570
486
434
433
384
427
416
503
481
455
436
416
359
452
481
378
458
395
467
370
764
876
818
710
735
769
709
849
675
818
701
868
665
703
862
726
745
750
900
696
870
728
867
690
862
738
693
552
605
418
387
371
332
464
349
454
357
478
345
421
422
438
453
360
349
378
275
235
259
254
317
305
275
220
276
237
280
226
209
265
287
224
216
222
235
285
258
212
255
304
231
310
239
254
205
262
210
329
199
234
305
324
267
308
264
281
283
312
277
296
275
244
294
316
343
335
224
318
311
269
248
298
303
279
269
343
317
309
695
765
812
765
714
729
705
1019
805
2169
781
725
837
859
760
658
803
723
875
801
809
732
779
717
760
730
983
841
727
642
588
402
403
449
485
482
453
475
411
451
430
486
430
440
435
377
470
365
379
356
432
433
433
378
452
387
444
463
456
410
405
397
494
413
358
426
397
461
421
400
520
459
474
365
461
771
469
478
464
487
461
503
512
506
444
411
455
429
415
412
427
439
399
367
442
420
424
356
426
434
388
475
532
437
442
402
444
431
464
429
419
425
455
463
419
378
406
397
412
380
418
440
398
389
422
387
469
419
757
401
223
136
249
147
181
145
219
151
141
136
243
170
252
174
256
237
243
790
731
666
763
634
790
673
781
656
757
660
837
670
828
805
848
548
742
519
537
538
554
584
486
453
466
490
515
392
376
535
321
349
319
342
358
372
336
419
408
409
317
327
348
361
384
413
418
418
301
382
312
377
421
394
349
347
357
326
453
348
318
321
301
386
300
380
296
277
368
391
363
341
361
353
386
374
413
360
345
354
356
340
347
413
368
400
363
342
364
328
274
251
320
356
286
321
326
276
258
242
276
280
345
267
289
210
788
700
743
684
795
814
787
759
729
652
718
543
571
601
509
468
487
437
501
409
304
366
297
305
273
348
378
311
360
381
329
345
350
354
339
390
468
365
374
286
333
378
351
411
375
313
313
344
366
327
337
400
324
369
412
365
339
391
289
369
348
380
367
395
754
424
309
365
318
335
332
847
732
784
835
713
852
691
863
834
880
750
769
822
683
743
681
760
690
644
643
672
658
824
703
862
787
796
708
783
760
737
761
533
549
659
462
449
523
395
360
379
401
359
358
314
297
342
288
302
365
353
317
335
269
334
380
346
319
361
384
347
372
403
395
293
293
373
378
322
366
297
370
301
281
296
320
368
335
343
359
337
380
394
299
316
378
358
320
358
356
321
452
335
321
389
345
375
341
374
348
300
321
416
360
412
365
321
362
356
311
318
385
347
311
355
386
361
411
360
419
371
365
325
346
803
748
793
815
701
796
766
668
652
779
811
819
1013
610
595
522
367
370
418
351
322
334
358
379
374
382
390
312
338
393
333
381
332
447
365
295
317
374
352
718
321
428
324
336
313
381
373
343
397
280
313
388
329
323
310
338
279
293
359
297
287
381
298
337
391
317
719
425
383
390
383
329
378
297
450
296
349
366
417
369
394
374
315
356
374
383
413
345
402
347
326
368
350
382
344
285
348
439
336
318
297
262
402
333
306
314
343
466
400
329
362
347
393
316
367
398
383
335
325
379
311
358
327
339
297
314
354
326
343
331
286
281
359
344
344
395
320
396
347
523
337
355
374
758
826
748
680
752
636
647
2272
687
901
722
851
725
861
942
898
807
731
545
550
550
394
480
487
404
420
410
370
312
330
288
223
216
218
206
268
270
195
226
210
208
222
893
782
789
771
854
754
870
836
832
862
735
955
805
837
768
623
571
542
669
651
550
606
484
588
422
441
474
421
372
402
306
344
288
276
304
239
232
223
269
209
290
228
232
223
230
226
807
691
733
716
790
647
776
754
581
482
559
466
434
455
563
556
639
453
465
472
505
473
550
960
428
502
449
446
475
597
487
443
480
540
425
505
484
461
456
399
417
399
360
388
438
429
358
390
367
461
501
428
485
412
432
441
512
463
485
389
493
464
523
431
509
545
552
470
561
441
452
484
424
537
412
430
473
711
750
774
859
781
698
783
819
960
758
771
751
753
813
745
667
709
672
717
472
503
588
401
471
440
309
417
338
324
389
299
372
422
405
365
396
283
372
407
406
433
380
445
411
408
362
388
353
385
382
382
366
850
286
336
325
372
318
453
361
368
338
322
333
351
378
407
304
358
288
383
288
344
321
327
303
365
382
310
321
381
358
290
422
315
320
320
377
396
383
358
359
379
791
771
734
821
875
780
818
807
838
819
842
792
917
783
830
793
803
864
746
785
754
766
722
852
646
772
751
929
667
592
500
500
535
510
425
455
508
406
419
506
409
509
403
433
475
476
531
483
365
347
437
329
369
437
429
557
939
509
482
524
398
392
381
400
373
326
266
222
197
319
247
224
269
255
195
217
226
251
192
190
202
217
178
146
152
238
194
224
160
244
215
163
185
148
227
191
176
171
186
192
221
195
176
213
181
238
294
245
208
166
174
149
208
245
161
267
252
208
166
189
200
255
182
170
185
260
163
177
174
263
167
243
277
172
180
185
221
228
231
272
216
153
190
180
194
192
176
230
238
264
254
328
162
200
177
149
275
269
225
247
209
292
212
257
177
261
287
215
215
228
234
247
214
259
262
245
251
257
235
327
228
272
298
326
240
254
275
275
262
680
785
653
814
667
747
655
745
651
747
786
907
734
790
763
806
784
782
788
788
965
806
986
709
780
619
670
741
659
749
657
760
719
810
693
522
610
1391
424
444
437
379
455
459
455
428
405
530
434
408
445
636
539
453
402
410
432
517
406
479
482
619
448
470
428
366
422
388
429
452
501
481
386
451
382
397
366
446
435
479
412
435
455
438
450
432
441
477
455
445
406
381
466
339
503
485
487
415
499
463
500
500
423
441
416
373
412
465
391
482
381
474
517
479
458
493
430
425
498
536
438
385
411
387
355
423
392
464
496
367
479
431
484
394
425
473
478
435
380
380
495
411
466
584
456
530
361
397
502
460
464
468
510
386
351
346
337
297
305
374
414
385
346
315
388
299
315
387
342
389
389
313
358
413
331
410
359
335
422
316
343
422
374
432
355
358
425
343
330
338
270
360
362
343
301
357
380
360
348
364
350
377
1553
389
437
312
298
378
371
365
344
308
321
310
343
282
402
273
326
328
415
361
267
322
317
348
374
355
351
309
414
313
370
313
438
374
391
399
352
307
375
744
890
943
818
777
695
745
821
759
771
712
725
852
754
742
804
757
809
771
822
841
794
863
742
809
747
816
715
844
684
812
662
798
841
753
825
657
682
831
784
882
797
797
784
735
581
565
501
372
389
441
426
471
442
467
394
492
469
467
466
407
470
445
458
399
398
404
398
401
451
410
433
375
457
425
418
518
365
439
408
505
414
459
375
515
511
441
428
444
413
420
444
468
441
455
409
463
445
462
411
444
472
515
426
477
383
369
435
460
384
475
384
448
389
460
401
407
454
441
438
425
436
397
436
456
457
497
423
438
462
469
499
423
481
373
492
389
393
479
460
445
426
463
484
354
421
385
503
877
450
491
501
426
487
487
386
459
507
483
450
401
469
432
474
515
423
481
377
403
363
391
369
411
352
482
353
408
420
409
398
489
354
404
389
361
408
401
419
399
398
467
372
454
456
433
538
455
428
393
360
408
501
454
433
434
486
473
418
447
472
424
461
431
413
430
487
431
356
443
438
456
432
438
470
416
446
472
478
464
469
401
386
369
442
402
408
491
381
364
385
404
459
406
432
474
426
414
353
456
437
385
420
447
644
529
539
474
531
423
491
455
439
446
367
379
364
350
1079
697
778
737
809
525
562
578
456
408
383
454
368
365
371
263
320
408
336
359
387
300
343
378
382
372
352
315
348
339
334
298
380
341
500
355
435
341
387
391
391
364
292
368
357
294
345
280
407
295
392
316
324
321
274
293
271
355
322
374
389
385
360
332
372
347
306
344
373
388
312
391
365
421
327
414
345
477
327
294
326
282
322
395
338
378
343
312
425
410
366
396
340
335
327
439
323
361
308
373
344
354
337
355
311
416
325
359
343
313
315
280
275
330
378
348
326
281
355
453
337
349
344
332
292
404
317
407
828
791
850
670
800
828
735
818
867
763
829
694
848
794
883
725
783
740
789
797
816
725
741
648
604
529
602
496
590
568
597
542
599
549
591
596
572
498
570
649
586
603
619
584
440
499
407
392
288
391
364
226
343
293
339
336
306
337
250
326
287
334
243
258
230
250
220
274
244
785
656
722
757
666
754
659
751
795
697
874
822
802
734
1460
796
551
613
557
382
424
458
266
381
352
269
364
259
256
246
274
366
269
278
303
278
270
246
247
308
263
945
265
339
246
363
247
246
252
281
384
280
277
387
341
248
238
286
270
275
309
353
297
274
293
237
249
342
276
295
290
315
275
311
282
316
252
251
283
263
270
475
318
302
357
321
356
325
263
286
254
256
335
305
246
187
213
195
164
276
185
247
177
233
206
217
296
207
193
206
264
204
235
180
187
208
306
189
540
180
860
653
714
671
732
702
629
665
770
665
774
825
761
707
800
749
781
3178
727
615
755
764
735
757
543
591
405
477
339
362
427
375
360
307
347
348
361
350
338
298
283
372
390
377
387
311
409
318
377
350
381
293
381
348
374
389
377
342
385
346
355
381
316
424
390
414
342
369
402
378
333
384
343
350
349
279
340
388
323
405
339
315
354
401
353
343
396
383
429
362
344
333
332
327
331
240
346
297
417
316
328
255
312
274
321
283
365
400
358
349
379
281
403
324
381
366
334
366
434
317
441
359
396
324
413
440
470
402
717
759
807
782
654
751
640
739
657
783
625
530
597
603
453
479
427
460
456
408
454
515
497
371
487
466
482
486
403
417
428
414
453
409
447
375
482
432
503
386
411
360
403
376
513
413
399
433
440
454
408
444
476
450
392
421
441
405
460
468
461
477
495
441
508
415
376
449
449
373
433
395
451
393
392
525
412
427
370
399
367
423
405
432
422
475
398
437
487
475
396
471
478
454
366
449
352
395
422
385
449
432
475
427
506
426
393
403
364
364
369
440
460
410
417
474
468
460
378
372
420
430
473
489
461
420
469
432
478
452
472
432
434
513
427
415
403
359
434
489
510
377
349
413
426
387
483
365
554
463
408
404
386
406
450
502
446
424
406
379
322
419
427
421
430
460
423
407
418
448
362
343
378
272
281
289
254
278
242
295
260
293
239
281
264
306
235
280
251
248
300
255
213
279
217
288
268
330
264
272
210
333
290
246
317
244
320
253
266
254
244
340
227
308
269
282
244
245
258
248
233
266
301
276
235
254
256
314
283
221
230
292
289
247
284
303
258
333
322
280
305
238
206
267
342
256
204
247
344
262
309
219
235
256
315
227
244
269
264
225
284
254
298
305
322
328
244
248
223
255
265
229
244
241
265
237
284
203
302
253
223
322
221
176
246
183
216
164
161
183
179
171
197
154
270
157
799
696
794
779
786
766
752
748
726
791
671
759
744
747
793
782
798
825
731
782
765
873
844
898
668
1352
645
652
735
686
755
775
771
788
868
777
778
651
777
811
753
799
835
785
848
791
828
509
654
514
417
444
442
355
439
319
362
341
344
381
342
353
324
345
298
360
319
373
326
361
273
340
424
380
415
337
314
745
702
842
748
707
675
544
610
442
353
463
372
469
473
412
352
431
352
456
455
429
448
457
506
454
436
445
437
491
362
364
448
443
403
376
479
414
471
421
385
385
400
390
349
354
443
347
396
432
400
379
443
497
404
450
365
421
2861
404
506
488
426
380
392
409
1986
438
469
501
360
477
443
385
405
471
391
393
541
437
375
403
382
459
439
460
373
351
395
473
435
380
523
381
403
433
495
404
440
402
443
372
354
361
478
583
399
403
438
451
529
470
492
417
484
497
383
501
443
428
352
488
409
573
368
972
385
466
412
401
452
453
423
469
410
482
428
459
458
440
386
450
371
406
350
482
398
357
335
423
372
305
326
258
321
271
252
191
255
330
204
262
246
208
255
229
283
288
215
216
231
240
263
287
222
234
308
275
258
215
281
231
265
313
356
257
205
320
336
271
282
271
276
285
244
260
306
291
264
271
280
256
329
275
244
227
243
259
801
786
727
853
750
842
713
750
808
1263
794
734
722
825
717
735
746
795
810
755
686
831
872
796
933
790
790
736
686
767
718
542
546
651
443
408
386
457
460
336
318
276
302
242
249
268
265
276
246
261
355
277
293
466
336
289
315
346
294
320
275
345
373
258
375
291
299
313
314
295
250
296
304
331
281
248
235
225
266
278
261
255
257
269
276
555
300
317
318
263
345
261
253
317
361
255
287
276
290
312
346
265
255
312
262
264
294
339
259
296
286
359
271
882
759
891
660
809
682
818
714
795
809
894
655
903
754
808
710
735
800
725
868
818
867
774
883
834
786
592
512
543
461
532
437
323
444
298
375
390
304
322
314
312
354
389
313
417
410
376
322
304
374
429
325
345
282
372
399
303
381
312
302
348
353
337
306
303
338
337
325
394
299
320
332
353
389
338
328
341
293
367
427
359
290
347
341
335
405
329
461
336
312
323
337
348
340
775
729
818
763
725
747
683
724
660
697
837
856
753
786
797
693
767
754
830
663
838
627
582
539
499
355
348
346
442
356
372
461
378
462
389
386
481
473
431
406
393
426
440
450
452
419
382
434
411
475
421
448
486
367
378
384
426
419
394
393
392
423
382
413
441
404
424
424
410
419
722
628
846
774
852
759
789
768
800
761
844
797
755
804
840
815
833
823
831
828
846
861
1017
589
468
505
458
505
382
452
379
482
386
416
435
398
342
254
372
252
265
304
368
670
785
720
791
728
780
658
789
628
641
1109
446
415
467
439
452
454
508
461
425
401
468
437
416
458
420
445
420
347
467
471
416
514
465
483
352
357
510
451
506
512
512
450
366
422
411
452
404
448
446
496
428
467
794
489
496
408
504
450
486
423
392
446
500
423
505
536
494
416
436
423
361
514
493
476
527
467
445
457
438
396
433
469
510
445
456
411
467
398
418
436
453
440
374
359
360
379
371
489
460
464
459
442
512
510
413
491
397
496
400
454
497
456
490
326
304
350
281
252
328
365
293
235
321
299
325
317
274
315
264
233
216
347
287
231
225
207
218
260
289
281
282
289
312
268
284
229
279
212
282
281
243
261
233
229
262
265
252
230
277
297
243
222
210
220
324
241
291
272
314
319
216
297
251
265
257
249
285
273
224
237
259
254
230
265
243
214
714
788
865
744
822
800
906
886
861
1111
985
880
779
778
822
790
773
749
806
836
703
775
765
719
767
1283
853
815
961
956
730
791
779
692
839
715
897
929
547
655
529
654
517
655
442
365
462
355
353
371
378
500
449
356
322
405
298
433
428
379
431
393
423
322
315
352
323
314
343
374
388
381
383
367
680
907
802
709
767
717
819
744
812
775
751
747
2355
577
542
472
451
423
410
336
259
375
356
318
298
268
234
281
242
241
234
344
262
296
240
274
230
282
223
311
276
334
251
235
269
282
246
236
286
240
270
225
282
262
296
229
229
284
290
261
237
270
287
233
269
306
248
234
263
232
249
252
271
285
323
326
229
278
239
204
318
225
425
226
206
203
239
243
238
238
311
223
632
807
689
822
823
861
853
724
891
879
834
809
852
831
825
797
789
722
777
659
758
522
552
583
483
433
369
356
376
349
310
310
286
285
365
349
395
389
407
336
427
364
318
305
455
309
390
348
416
316
329
349
348
330
321
339
308
368
381
338
380
369
339
821
334
344
318
362
308
358
331
344
427
341
385
320
381
368
328
358
431
404
374
400
299
434
410
360
315
429
390
374
312
348
354
760
735
790
696
808
713
835
831
853
646
770
814
769
876
684
883
792
747
759
710
768
719
2006
531
519
506
448
421
444
384
343
324
342
273
270
327
325
243
235
236
264
273
293
273
244
222
241
221
268
249
263
311
249
331
245
226
208
228
346
254
226
214
197
273
261
223
327
219
316
241
223
229
204
193
302
221
305
238
230
233
196
705
723
770
767
759
773
701
800
776
812
751
782
845
746
805
814
785
757
749
519
562
620
422
378
434
288
313
308
302
278
320
313
285
301
267
240
211
199
170
249
195
244
251
699
756
810
936
951
822
811
821
516
547
542
390
411
403
395
520
459
499
715
434
346
307
314
304
346
335
450
285
293
229
214
353
389
253
225
316
255
231
254
242
310
266
317
211
304
246
243
233
239
274
223
199
227
747
929
638
813
799
857
767
819
741
2201
759
807
751
937
629
859
716
973
617
551
560
519
1337
301
304
296
308
353
265
279
275
263
240
455
192
227
244
270
222
197
213
309
358
298
283
288
250
217
207
237
257
270
193
292
263
297
261
194
270
250
251
213
249
202
197
273
260
210
292
202
224
212
202
256
221
200
261
251
228
229
255
200
179
220
221
209
209
275
202
254
292
262
259
272
294
342
308
314
375
396
346
455
400
388
367
357
419
424
397
411
387
325
413
365
719
681
711
929
929
765
754
761
913
819
1296
749
796
788
831
843
813
870
813
825
725
590
1037
641
552
583
647
487
637
484
489
536
498
568
580
512
600
575
597
636
593
478
487
576
473
565
531
534
571
596
514
572
586
558
602
680
510
668
505
618
573
624
533
537
607
565
605
568
624
564
637
545
743
566
560
480
595
474
485
561
569
566
587
584
605
689
531
603
553
657
623
597
654
706
514
556
558
568
586
546
605
618
560
556
572
605
509
583
490
554
488
493
537
589
544
581
573
645
616
571
599
619
611
600
606
601
625
441
371
389
361
330
310
366
312
390
362
381
387
320
351
315
319
352
312
284
309
381
368
350
694
769
731
814
800
833
736
734
912
724
777
675
740
709
712
825
908
784
852
3295
800
680
646
555
530
566
494
395
485
308
404
383
386
362
331
299
220
286
226
249
218
220
241
223
193
242
198
615
259
196
260
269
242
212
233
211
274
227
198
233
182
203
198
198
174
222
215
229
201
244
264
227
318
246
204
208
186
222
213
248
255
201
192
216
194
213
249
214
249
255
224
193
243
276
264
277
282
226
267
290
257
257
319
205
269
272
240
654
644
691
789
686
793
711
750
738
780
774
745
744
871
805
776
749
788
770
826
764
848
759
771
821
797
767
616
853
417
430
449
439
434
420
432
420
452
441
460
356
358
376
488
370
415
442
457
383
339
402
379
262
428
362
300
366
422
351
361
326
385
375
348
377
336
365
343
394
388
371
449
398
304
297
296
312
374
294
413
340
368
299
408
352
406
325
321
309
389
399
325
297
348
330
333
442
653
429
310
403
364
393
405
352
360
284
366
297
356
396
318
372
311
371
331
359
409
374
341
372
396
352
366
293
353
295
359
344
376
371
373
407
367
387
337
396
363
282
279
287
1173
336
331
377
363
346
368
314
246
280
197
254
265
272
230
182
256
204
194
213
213
253
213
206
230
302
192
313
263
239
263
201
212
277
204
198
278
201
226
239
315
203
225
287
221
259
344
213
298
231
296
236
311
217
234
233
227
239
207
258
215
263
232
272
222
248
296
265
303
268
287
231
211
229
206
235
228
206
272
241
171
225
247
233
238
237
216
241
203
220
265
274
292
247
211
281
304
207
208
223
263
247
227
294
206
256
217
248
241
272
231
251
214
225
367
755
870
852
756
731
752
759
883
739
780
795
938
790
719
695
846
535
1279
562
623
555
630
717
535
521
551
561
641
641
586
546
563
573
573
589
657
651
576
543
487
541
611
635
740
513
581
550
627
507
514
579
571
548
548
597
538
676
620
547
522
568
668
546
508
463
755
701
741
681
657
856
763
749
864
759
786
759
757
761
741
797
654
849
785
1058
813
824
944
1007
809
832
888
701
739
531
574
466
414
397
985
404
390
379
330
363
371
793
755
870
799
896
736
893
715
907
669
886
720
740
825
777
768
850
752
581
576
549
450
429
465
403
400
344
312
296
316
348
347
350
282
300
262
275
253
251
257
250
300
429
265
278
324
282
313
298
280
327
390
348
251
301
280
297
269
333
290
256
364
320
301
318
294
288
306
359
255
292
270
238
278
334
337
296
256
389
253
303
310
295
276
294
317
272
331
285
241
299
288
350
275
273
245
221
260
266
299
276
229
309
298
287
256
292
295
307
363
292
330
298
265
362
238
263
261
291
293
259
273
274
336
279
346
272
304
301
268
270
294
307
290
318
268
307
313
272
264
351
300
327
281
591
321
288
250
267
231
317
362
328
400
292
266
299
310
264
346
233
291
346
320
330
328
276
264
254
297
239
317
268
298
267
293
268
353
360
327
355
246
311
313
251
272
669
806
662
776
706
741
687
775
727
731
704
674
713
664
737
773
870
862
772
834
760
804
740
1128
817
2019
708
787
424
524
629
454
448
383
452
495
403
458
495
399
414
518
378
474
421
539
432
472
409
451
774
750
838
782
738
774
770
812
780
780
671
865
643
628
816
798
754
800
772
788
782
791
737
897
830
794
788
834
793
819
747
809
810
696
580
641
631
374
529
445
506
436
460
936
831
959
842
822
870
752
724
879
761
761
670
787
756
811
787
713
797
797
720
727
858
847
800
799
800
840
815
833
519
605
519
401
442
408
330
295
287
306
295
293
363
355
309
370
345
421
324
363
308
333
324
308
278
390
296
354
405
308
393
414
365
357
318
335
376
369
379
339
318
685
286
689
360
306
309
393
389
353
320
395
349
312
322
345
343
291
346
296
378
397
345
353
449
334
362
405
309
299
341
438
318
356
313
383
350
347
342
340
347
368
389
375
346
377
397
322
366
388
321
373
326
416
427
370
306
430
358
326
360
402
321
293
358
413
318
289
342
298
417
362
311
302
395
449
402
359
410
323
348
355
377
361
389
286
398
295
277
334
290
316
370
380
332
340
345
374
370
359
413
368
349
391
326
322
361
418
404
358
382
369
310
338
282
373
396
392
330
376
330
335
359
365
320
409
367
306
381
321
323
350
377
389
374
354
318
324
387
355
306
321
320
289
338
376
296
364
369
364
378
760
412
589
318
352
347
321
347
324
385
419
313
407
410
302
298
371
358
366
379
386
322
340
338
327
303
210
269
184
271
264
176
288
263
167
312
160
279
241
222
148
238
210
773
771
885
749
755
677
665
664
759
755
743
800
752
821
697
851
808
732
797
700
863
644
936
766
818
728
734
742
723
814
897
675
625
555
538
490
460
516
314
317
412
366
320
361
267
281
254
358
299
329
257
276
313
297
270
348
315
277
307
303
341
239
305
346
312
271
338
313
259
229
370
263
337
265
603
258
366
370
360
319
275
380
927
348
311
268
293
264
319
308
263
333
377
274
268
275
274
329
312
311
314
285
321
270
310
376
717
244
340
317
283
286
324
246
357
306
335
350
385
282
369
293
371
336
263
350
289
303
315
240
330
258
300
356
268
247
220
253
240
244
229
260
261
225
261
327
251
231
263
353
265
278
261
247
236
301
296
319
352
249
288
224
305
243
363
261
247
274
298
295
314
244
292
319
291
256
220
275
245
252
250
248
298
295
258
294
263
247
255
279
355
271
281
237
329
255
237
249
249
271
260
271
269
244
319
231
298
269
276
245
320
320
244
357
255
296
255
271
319
265
234
312
270
238
225
281
367
273
343
287
280
297
311
288
338
324
263
257
319
285
341
307
301
376
255
302
291
253
315
274
285
306
300
299
251
235
242
350
264
285
246
221
199
214
208
200
341
236
210
312
281
205
186
186
200
220
230
195
305
228
246
203
244
229
240
238
210
211
184
200
276
240
225
227
211
243
305
231
228
236
207
217
275
206
226
239
192
238
239
168
326
224
230
229
316
223
256
169
649
773
801
781
1022
880
755
792
742
712
712
671
773
773
740
924
799
756
829
699
823
801
805
835
840
757
680
893
539
570
525
366
375
382
396
420
408
484
427
418
399
392
352
424
395
413
462
386
339
411
335
479
353
476
285
277
329
345
289
328
287
323
319
337
278
347
306
272
363
343
307
346
258
332
293
338
354
336
277
350
270
244
333
260
261
317
408
305
285
272
289
249
258
317
275
345
318
319
289
299
375
341
301
283
251
303
302
281
362
263
369
338
329
403
345
305
327
252
304
303
281
279
300
252
296
265
232
241
287
280
283
251
299
265
263
307
326
288
259
348
255
316
260
335
260
333
282
256
295
570
252
258
334
294
317
304
307
301
258
299
350
294
329
326
266
257
283
282
368
242
374
292
794
756
802
832
806
888
807
859
883
861
760
1428
885
863
873
789
834
839
859
813
798
800
789
703
779
897
791
792
753
814
644
719
736
572
661
575
478
438
440
354
445
462
435
411
387
417
388
398
453
415
452
470
434
499
395
419
357
496
510
339
383
387
352
339
330
400
270
367
378
340
339
400
338
275
374
316
457
319
377
344
366
347
390
319
350
347
304
362
395
347
301
381
330
397
415
394
385
333
372
365
357
367
327
349
306
315
385
426
415
342
384
325
395
424
375
314
382
419
320
318
361
327
334
323
336
334
342
376
399
292
314
372
272
375
440
331
338
310
374
413
404
358
408
394
328
364
409
385
429
393
310
343
359
394
278
324
273
369
284
381
343
289
776
691
890
734
772
756
756
811
821
779
845
761
769
823
799
816
562
585
555
583
496
563
555
576
582
574
571
622
600
637
535
402
469
387
360
371
384
264
274
341
313
241
213
221
221
213
301
219
263
287
255
256
201
197
243
266
212
275
293
174
260
173
231
266
293
247
199
258
224
307
262
237
236
197
183
219
241
223
253
258
252
304
230
223
242
224
316
281
380
245
331
335
385
288
279
306
254
261
234
305
823
700
792
859
647
856
633
786
651
824
893
1586
817
685
652
728
682
814
900
774
813
730
694
724
815
794
526
577
595
558
561
518
670
503
502
652
554
535
513
493
523
528
569
630
548
600
517
495
587
588
581
555
555
520
623
597
475
543
534
400
383
498
320
331
417
428
321
411
431
382
323
309
314
343
453
331
425
343
343
324
416
336
397
338
392
404
383
392
325
363
375
425
342
348
396
1218
404
282
328
277
331
338
350
335
334
318
358
440
366
425
351
324
460
397
354
400
302
363
410
368
335
381
413
551
310
357
293
373
319
320
341
289
303
299
365
357
348
367
346
306
362
332
334
377
391
360
358
309
444
315
353
442
305
299
371
305
301
432
351
377
344
370
323
379
303
271
387
380
392
392
389
414
329
301
331
375
314
367
386
349
384
304
298
395
307
360
396
332
417
332
420
422
450
378
387
369
433
332
329
371
342
300
310
361
338
370
312
385
266
366
298
351
378
346
355
309
265
360
308
347
398
325
382
361
379
311
389
432
400
389
433
597
342
275
293
388
404
386
330
371
408
320
354
314
420
282
304
374
378
307
360
310
1218
344
385
319
415
313
427
372
430
311
440
418
360
327
363
352
349
290
362
328
378
344
417
264
350
363
410
368
361
344
332
409
328
363
355
320
368
432
386
409
343
429
338
353
344
299
290
314
433
456
320
268
336
345
325
299
361
304
365
341
330
427
320
419
429
375
331
292
319
368
394
326
309
339
297
388
335
336
349
321
418
381
326
348
279
323
410
301
420
307
380
321
463
362
370
292
354
375
308
454
354
358
356
340
332
309
352
354
346
420
340
366
352
335
437
1007
332
306
429
326
348
375
347
347
339
345
425
418
346
377
274
329
287
318
272
340
289
312
393
386
395
396
464
352
354
334
418
348
426
370
276
335
328
354
293
418
277
394
352
434
390
324
333
267
385
308
363
310
360
297
363
381
341
360
352
392
425
333
292
369
336
346
317
370
382
309
371
362
337
315
317
284
339
813
756
825
716
785
755
754
715
811
712
789
730
907
596
611
644
423
380
350
413
719
318
389
261
236
301
206
320
239
257
234
247
280
254
192
216
292
251
220
256
286
287
285
307
379
261
329
291
300
251
244
345
294
273
261
288
239
326
269
269
255
308
246
304
216
284
237
277
232
232
246
264
269
284
321
285
288
304
300
239
202
341
225
263
307
282
229
219
253
247
302
269
221
265
296
244
225
224
211
295
330
240
293
228
251
382
309
301
329
289
303
311
236
229
218
216
319
232
265
279
226
228
820
666
850
666
733
733
747
811
878
778
792
563
550
491
480
470
516
580
563
485
536
576
612
655
613
603
516
505
633
508
527
563
633
581
578
522
602
571
556
565
526
473
552
540
553
551
579
558
558
551
581
529
511
496
595
557
623
532
634
529
559
535
563
528
595
542
582
682
634
718
555
523
659
532
621
616
479
358
459
463
409
473
899
820
878
782
811
823
828
893
882
785
806
725
837
786
828
799
837
779
489
591
570
421
447
803
462
360
468
381
387
438
387
452
362
419
434
415
371
395
417
515
471
472
468
440
498
456
417
471
458
433
408
458
413
821
751
895
863
846
828
842
719
811
816
883
857
813
909
868
899
859
862
617
623
669
441
491
362
313
356
309
429
383
424
376
381
366
374
413
427
330
290
296
353
303
334
303
377
295
379
347
333
268
365
308
258
221
206
287
282
288
227
297
230
257
238
275
352
262
226
220
250
232
261
277
225
269
233
190
203
213
223
199
222
265
218
201
176
279
257
319
283
282
251
239
273
239
273
249
222
764
809
731
761
762
793
821
750
900
714
864
710
855
844
791
837
825
889
625
508
483
436
485
464
360
313
298
361
383
399
328
352
314
345
313
294
423
393
396
373
320
331
282
276
354
292
345
394
312
343
301
294
357
433
389
355
424
312
290
277
301
399
316
432
383
368
352
388
409
383
311
363
373
351
294
304
327
340
307
379
309
371
372
375
380
368
325
387
1473
381
340
325
386
370
358
333
361
341
303
336
293
328
363
324
341
302
348
372
314
348
328
372
342
457
367
361
388
311
330
287
374
402
298
333
414
345
323
321
309
395
374
333
411
407
288
356
391
339
339
328
305
414
339
391
383
328
301
312
342
335
312
267
367
399
356
354
342
548
325
387
1117
334
839
330
419
447
366
325
356
338
287
434
303
416
332
319
327
311
343
315
323
373
415
343
352
314
341
290
364
299
423
305
407
322
348
348
349
314
367
375
386
321
333
298
418
299
359
399
349
397
403
328
357
275
407
316
410
299
317
277
760
808
840
713
760
653
626
716
873
716
812
775
797
1304
655
584
566
757
749
592
542
970
485
456
456
335
379
317
237
351
261
285
271
252
272
286
308
300
265
260
255
233
325
267
275
321
303
243
299
328
311
278
320
329
275
239
344
324
285
291
282
333
273
190
170
253
225
172
236
433
207
205
169
338
162
155
196
184
263
190
178
316
348
177
232
291
203
202
347
182
158
212
184
211
229
269
202
245
221
169
330
211
181
144
144
174
133
165
171
127
151
207
257
301
194
202
171
178
191
171
165
179
165
163
164
186
185
163
185
153
154
151
162
206
121
174
150
155
160
157
306
169
244
218
162
168
208
211
207
275
178
240
240
179
182
221
249
193
158
180
224
165
222
208
248
183
185
252
274
230
279
299
239
295
255
224
329
316
322
356
301
282
319
363
362
311
337
335
281
273
410
274
414
385
379
386
340
348
321
364
359
331
305
371
399
320
360
318
307
328
339
327
387
360
300
286
297
317
402
384
354
279
307
397
267
335
285
352
286
349
318
331
365
338
273
383
325
388
345
322
257
409
325
380
277
391
731
726
759
862
921
801
846
797
726
762
669
689
759
641
696
740
808
2190
516
525
464
363
346
521
413
310
379
313
303
333
280
255
296
260
308
244
226
259
268
219
250
230
246
293
218
181
226
299
279
261
265
218
307
260
247
277
318
261
250
205
234
180
236
187
235
188
226
196
226
183
212
247
250
236
247
367
244
217
235
215
249
199
242
210
277
224
249
264
258
625
250
301
193
246
280
240
279
259
247
211
430
239
198
226
198
224
245
187
313
204
214
243
357
237
318
302
277
241
220
241
362
194
268
225
254
261
253
263
289
331
299
356
448
331
373
371
340
463
370
416
436
415
415
373
364
461
357
490
354
462
462
454
482
460
455
436
376
394
477
384
413
432
383
376
454
380
372
330
408
341
339
324
341
379
374
388
398
344
353
456
453
349
402
414
387
470
399
415
362
374
458
374
436
384
401
414
390
381
447
345
489
413
446
357
366
445
413
431
403
519
391
463
386
464
403
456
361
358
439
407
841
795
703
1048
754
758
747
783
624
787
861
776
798
870
848
906
817
841
612
709
627
420
395
371
509
310
374
313
221
271
237
267
207
301
349
256
239
238
276
314
211
269
220
191
135
264
170
201
304
189
222
183
246
175
193
231
205
206
174
155
145
199
172
205
164
217
204
257
225
191
217
215
209
181
211
177
187
177
275
168
184
189
251
184
185
172
217
222
266
157
174
254
212
293
188
218
310
226
240
208
184
255
194
255
310
219
232
188
303
298
261
292
360
241
294
307
293
336
238
240
215
236
244
759
771
725
736
744
896
865
857
776
913
779
786
749
640
732
664
863
783
2010
864
727
803
726
538
545
688
643
554
623
551
626
671
472
433
479
336
386
294
369
451
321
314
371
324
354
401
350
386
377
356
319
328
299
361
337
417
355
376
308
357
311
324
335
310
310
412
365
328
303
373
338
409
350
343
307
365
954
813
905
788
768
737
802
759
816
769
793
853
671
800
765
843
709
722
607
636
563
424
409
393
389
323
347
333
354
334
452
390
397
382
313
346
310
406
459
413
322
409
305
343
310
387
340
341
261
391
298
342
308
294
369
378
369
334
358
307
407
310
477
357
343
326
394
335
317
304
363
381
396
315
442
320
307
299
303
325
328
404
288
360
418
375
413
303
401
276
377
398
353
359
360
395
317
393
310
392
318
302
356
378
417
386
353
443
402
296
395
420
280
289
256
340
303
337
442
319
306
372
326
394
386
368
318
357
355
364
422
361
339
383
333
355
338
418
357
317
406
851
778
825
815
847
768
689
717
857
743
698
1402
737
882
691
664
774
681
558
560
565
425
418
511
382
444
384
404
382
396
460
438
429
463
430
424
413
430
442
427
427
430
496
373
493
418
414
460
451
424
467
448
449
420
418
418
313
440
440
443
411
483
466
396
474
389
398
429
454
448
496
413
490
410
470
434
495
603
377
519
409
436
395
390
407
386
442
375
473
326
404
294
369
368
395
383
409
391
338
350
290
308
303
304
377
349
729
738
750
768
764
667
676
708
712
755
744
879
795
915
797
701
549
620
609
419
464
410
400
360
317
328
309
246
360
282
298
312
291
217
279
276
307
235
271
329
318
228
259
270
226
226
308
266
279
257
242
231
253
239
247
303
305
295
200
235
314
287
287
308
375
254
318
262
270
296
245
268
295
268
234
199
302
287
275
329
245
257
256
208
256
222
251
224
218
306
292
293
245
232
327
209
345
251
325
233
209
219
322
209
318
274
235
265
213
220
225
318
234
268
328
234
328
285
251
280
270
304
276
240
288
338
218
230
244
299
251
261
240
227
311
222
229
299
235
269
228
288
281
330
303
260
275
321
220
287
317
232
313
320
344
239
229
292
273
273
223
221
202
267
210
227
246
225
296
309
240
268
313
320
241
300
228
283
246
294
278
253
330
288
294
305
270
307
261
225
286
768
820
655
837
663
809
669
827
990
1102
1279
812
852
825
790
769
746
778
778
733
758
823
729
788
833
828
784
855
882
759
839
578
609
559
471
480
407
469
501
448
413
398
412
387
376
412
442
467
416
462
540
426
528
428
418
434
418
563
473
478
520
513
460
375
417
403
454
368
460
409
472
382
477
442
476
530
516
471
453
484
480
387
455
446
374
354
456
409
553
458
418
463
407
460
426
432
427
397
465
435
405
430
465
458
423
451
445
461
451
527
404
394
455
440
494
436
442
395
440
395
449
383
440
431
449
425
433
411
528
495
482
367
360
375
394
417
419
434
451
479
399
471
481
472
379
448
480
512
386
460
373
496
387
394
471
409
419
424
443
423
470
356
463
343
430
450
463
460
493
406
397
419
441
368
454
347
486
465
419
424
485
512
480
429
389
434
382
405
438
487
474
461
516
470
442
487
392
465
422
521
448
505
381
451
483
438
399
457
351
424
349
487
429
359
436
465
367
461
375
431
370
465
385
449
421
450
386
367
424
474
450
492
427
357
474
477
494
389
434
384
524
393
407
423
409
397
468
404
461
499
416
528
468
453
509
406
501
433
471
409
456
449
468
457
450
428
474
481
409
516
415
444
416
421
465
414
390
384
340
370
359
375
389
348
333
422
328
386
376
312
388
351
331
336
376
304
407
327
427
363
364
376
327
330
331
427
293
441
490
318
354
299
298
381
289
300
406
310
433
303
337
328
322
371
423
328
328
906
449
336
313
298
318
302
384
450
318
315
353
361
298
358
355
364
357
399
417
319
358
324
338
361
322
367
338
326
334
328
326
337
376
331
313
361
295
322
313
448
353
425
370
430
345
324
417
355
391
370
323
361
318
279
367
387
363
457
337
363
339
388
389
363
339
380
302
298
390
351
308
387
316
375
362
372
385
330
383
308
306
344
398
365
305
353
329
333
321
363
435
389
321
343
291
407
325
425
408
335
360
332
308
281
353
341
417
339
332
355
337
297
336
347
368
402
452
413
328
403
374
299
424
401
390
421
736
312
848
299
371
340
461
378
328
412
388
359
378
316
335
410
336
370
422
360
353
321
409
336
374
324
334
305
424
359
428
348
303
348
404
181
176
176
178
203
192
234
255
226
228
259
299
246
261
268
175
193
216
156
181
262
212
303
212
289
149
296
250
229
256
277
186
225
251
198
279
282
254
293
275
211
242
229
249
225
344
209
244
244
217
231
240
226
250
249
250
272
266
265
341
288
278
314
306
275
266
243
271
284
270
249
277
356
342
328
269
326
279
339
260
280
262
262
248
305
322
384
295
286
356
303
294
266
351
257
343
318
351
297
338
276
307
314
336
321
268
350
316
349
365
292
302
274
245
250
348
293
278
345
342
320
246
322
350
258
290
285
403
250
251
343
315
309
309
270
250
283
336
321
328
301
277
294
303
279
285
329
373
293
284
265
318
273
298
273
326
302
321
283
350
304
307
376
347
285
342
340
332
337
723
791
947
792
871
789
826
800
949
768
729
797
1089
678
640
667
407
548
545
447
481
485
410
493
473
1032
330
347
378
391
411
410
441
483
429
418
359
302
347
414
379
474
419
384
467
417
438
374
376
455
522
515
1309
422
385
419
549
507
480
487
443
466
498
475
479
452
514
482
500
500
427
373
458
463
432
460
449
445
366
429
399
425
383
430
427
387
442
393
409
362
480
502
488
377
403
448
394
405
412
386
416
347
361
359
431
416
406
429
391
490
370
449
380
465
414
488
412
475
495
433
449
385
450
1824
461
453
376
459
433
417
438
345
343
342
324
326
356
325
262
342
307
362
328
330
296
290
287
328
679
240
306
311
313
245
311
348
273
300
341
308
584
245
306
246
255
316
283
357
296
352
321
299
309
312
287
348
298
284
235
257
297
270
341
277
310
268
256
283
324
320
284
275
366
333
734
765
764
706
682
703
856
720
576
699
653
527
616
534
516
481
380
376
282
325
358
327
257
299
292
265
277
287
276
251
232
212
234
266
241
209
219
345
266
237
294
267
242
315
287
241
310
261
252
334
233
278
201
246
238
305
271
219
250
337
239
287
315
297
226
296
212
312
239
263
328
320
232
245
242
214
320
290
258
268
258
284
240
220
234
327
261
297
298
245
247
255
243
206
287
232
262
287
267
251
243
218
233
213
238
257
236
277
283
300
223
245
224
290
233
278
308
608
249
234
222
249
242
249
207
243
312
222
229
226
228
248
287
270
269
268
308
323
309
244
261
321
230
775
737
808
804
777
787
732
806
889
844
804
823
719
521
535
555
432
499
488
384
285
343
342
333
390
413
383
347
408
329
329
333
368
369
418
408
341
383
325
307
276
369
299
291
423
285
426
305
377
334
364
367
379
317
403
391
362
337
352
373
384
320
361
319
369
325
373
333
559
375
366
428
400
434
379
370
433
414
400
395
346
363
396
427
320
298
300
314
320
409
341
354
405
368
375
289
405
310
419
367
309
344
386
337
315
333
355
329
363
316
338
333
295
307
422
357
447
362
315
315
291
330
350
332
367
922
355
347
387
372
343
370
321
1285
320
878
1199
958
789
924
751
851
968
931
2362
848
894
869
912
922
761
693
790
783
859
787
929
877
1022
832
913
801
871
699
777
449
664
465
430
458
384
364
465
391
443
512
464
450
634
429
536
491
495
469
414
599
462
398
349
404
266
248
261
308
300
248
268
278
304
264
309
281
330
261
290
327
253
320
294
290
298
301
315
243
295
284
344
296
280
326
301
278
319
303
319
273
298
299
262
281
270
278
297
270
290
255
272
257
328
359
318
296
263
366
236
414
287
392
263
328
404
296
257
267
268
291
340
297
283
361
291
323
297
318
339
345
299
341
320
291
263
318
344
357
317
272
350
363
363
276
252
250
308
233
389
263
264
332
324
325
342
389
246
265
331
289
260
257
305
260
293
286
309
294
298
267
299
384
273
304
283
753
782
728
795
720
607
604
713
758
671
738
649
749
820
806
766
836
732
818
753
752
740
779
1122
515
663
437
413
456
425
464
411
471
427
456
434
513
1177
373
1299
938
435
477
509
419
447
438
388
448
431
480
429
429
405
443
490
468
409
314
345
483
300
335
301
237
355
229
324
277
386
286
337
314
287
367
335
323
350
303
341
296
313
353
244
329
380
291
314
312
364
274
327
364
826
817
823
863
878
881
803
696
979
740
842
816
846
796
819
787
800
809
854
699
721
822
850
781
792
726
1136
685
755
808
803
708
829
682
592
594
549
2026
417
369
335
282
305
233
308
307
350
247
268
308
279
461
285
257
275
251
323
232
321
268
324
308
310
274
236
317
257
254
267
295
239
274
332
333
318
255
269
296
316
270
341
263
278
287
272
342
288
260
293
288
293
272
298
291
293
309
294
289
259
279
355
323
339
326
245
336
250
219
237
284
346
311
359
285
294
281
236
321
301
310
254
357
232
300
299
290
300
258
333
267
329
302
267
269
361
367
303
349
265
258
305
308
370
392
252
373
293
284
259
337
234
344
293
715
732
901
929
689
744
760
897
839
753
743
749
772
788
786
770
959
2061
1307
818
558
637
656
515
600
489
339
375
354
457
340
345
458
354
356
336
342
438
324
354
318
292
357
339
342
368
368
486
338
332
292
305
290
290
382
378
405
359
383
405
355
409
333
366
325
310
415
284
347
396
444
394
462
348
322
378
369
325
324
295
296
447
303
387
376
359
379
445
381
397
331
462
397
341
310
373
431
400
383
406
342
299
343
305
345
392
428
338
339
293
422
347
362
331
442
302
300
376
379
354
331
365
