22213
22175
22182
22091
22460
21375
22144
20991
22304
22136
22143
22129
21788
22160
22227
22043
22134
22192
22123
22204
22074
22042
22120
22122
22139
22355
22256
21936
22208
22200
22082
22032
21050
23543
22168
20893
23012
11956
11939
12031
12031
11955
11989
11780
10677
11983
10756
12020
11151
11879
12004
12033
12257
11970
11920
11841
11895
11967
11984
11862
12076
11854
12159
12158
12027
11600
11972
11959
11544
11960
12005
11986
11940
11879
11881
11972
11958
12008
11854
12010
12021
12069
11861
12034
12008
11882
11785
12018
12100
12063
12067
11980
12040
10655
11865
11879
12098
11965
11615
10715
