721
664
594
627
485
486
516
582
544
524
544
592
476
475
491
544
493
527
614
527
525
497
562
528
481
486
433
430
563
504
495
469
530
437
615
551
506
526
650
570
554
532
514
533
497
555
602
583
550
526
520
581
455
503
512
555
502
437
562
483
497
508
640
711
580
737
701
639
924
690
556
490
569
600
851
580
512
518
498
781
579
649
580
621
552
750
652
642
677
529
543
514
536
547
676
805
775
604
450
562
514
541
465
477
468
463
714
592
562
504
707
515
591
597
1342
629
543
480
491
543
675
645
544
721
607
532
498
517
594
536
584
751
639
598
738
717
551
576
627
640
684
841
492
495
602
583
672
581
520
497
543
498
595
499
508
607
481
1924
711
624
657
643
639
594
551
599
685
600
449
594
576
543
488
644
571
652
501
527
618
612
827
622
571
491
500
477
528
507
535
574
561
465
516
479
489
469
482
567
444
449
528
543
463
452
446
496
547
472
467
556
518
545
441
532
473
497
457
420
462
462
506
492
465
509
442
472
474
507
502
652
546
567
545
549
435
499
509
489
507
524
599
598
542
490
493
505
535
550
534
449
505
590
601
671
1074
583
521
585
572
590
542
546
538
536
537
627
566
505
587
648
647
530
500
508
589
602
644
611
627
621
609
557
505
527
530
495
551
576
556
520
581
600
574
551
573
580
554
597
645
610
554
652
587
608
629
657
658
613
560
519
502
532
541
593
604
576
557
595
598
624
520
501
566
487
582
592
586
703
555
531
561
703
550
613
550
520
622
573
637
617
694
706
532
618
558
606
545
532
610
531
596
597
648
522
573
575
520
599
517
587
577
601
596
530
611
613
684
612
674
582
706
533
529
584
630
544
1455
498
604
527
484
480
732
591
466
460
466
549
504
546
474
589
577
499
487
609
903
599
497
531
509
481
497
477
478
579
531
564
646
485
551
739
497
513
525
504
473
492
516
485
499
557
492
461
463
486
434
502
524
535
518
506
522
529
619
514
487
493
468
544
505
495
445
486
522
566
481
480
479
515
505
443
525
519
532
521
529
588
573
483
606
575
484
459
530
529
500
415
535
625
561
731
728
824
747
682
685
664
601
715
668
619
626
701
786
698
657
764
710
667
761
752
661
660
760
666
641
652
741
665
817
775
1041
707
692
702
725
618
684
648
622
715
688
750
591
657
739
617
683
593
591
597
622
643
661
666
757
680
640
723
639
669
609
622
700
953
712
745
820
647
624
626
627
653
564
604
667
638
630
670
629
744
595
624
703
644
786
697
669
550
608
588
664
780
686
648
629
587
647
603
644
648
647
747
610
649
673
669
633
738
702
752
706
663
691
685
695
629
648
616
743
704
655
657
617
714
641
686
609
687
708
749
1130
679
636
1291
1335
1429
1400
1395
1386
1187
1466
1016
1010
920
711
705
596
644
613
1299
1447
1357
1333
1361
1270
1236
1323
1208
1351
1378
1474
1385
1481
1303
1369
1246
1279
1420
1571
1525
1431
1001
1165
873
825
659
611
578
930
500
537
641
630
599
565
576
533
542
611
536
581
664
668
540
593
581
592
488
614
604
558
1072
716
583
547
514
612
540
661
664
655
523
705
742
615
623
585
787
602
529
605
957
628
566
533
648
597
649
649
627
526
569
492
533
546
651
595
603
522
505
612
652
1090
993
641
840
616
530
617
569
555
536
517
559
520
519
537
591
483
526
500
556
469
560
579
490
472
1402
1391
1436
1311
1359
1318
923
1040
825
810
707
566
577
691
590
634
574
515
567
609
620
542
515
578
527
509
562
548
587
638
557
554
597
625
726
975
566
611
532
589
663
680
656
717
604
717
583
626
562
613
624
562
581
537
592
557
547
603
605
531
628
622
552
657
560
569
596
609
640
647
621
662
1129
661
567
639
564
601
540
605
604
563
646
559
593
610
654
578
565
625
1346
1332
1447
1422
1166
1249
1199
1452
1381
1497
2092
1899
1401
1356
1184
1119
866
738
749
572
665
568
525
521
485
489
497
570
486
441
541
469
842
499
471
492
456
498
483
498
520
525
461
495
635
440
498
491
473
583
481
517
532
507
536
492
1273
492
509
473
448
483
493
506
557
500
454
532
452
493
501
500
497
526
1340
1284
1350
1423
1370
1454
1375
1323
1375
1401
986
930
1011
979
993
1045
929
3110
943
1140
1053
1025
1003
1211
1080
967
920
948
1071
958
997
938
960
1001
1027
782
727
654
618
593
495
526
456
552
631
527
662
616
869
671
689
539
521
497
496
656
598
559
521
492
476
494
464
474
486
516
508
630
527
569
550
500
509
623
489
534
514
465
562
455
529
540
589
542
538
791
501
555
456
513
561
479
508
540
488
556
537
593
537
548
480
554
485
450
476
547
524
500
564
522
544
605
662
601
538
576
535
843
527
541
781
712
662
649
652
691
641
621
746
681
770
747
664
603
630
542
485
586
527
499
590
583
514
502
531
607
544
620
604
644
584
606
561
627
607
543
568
611
639
596
625
593
588
530
550
538
562
555
531
568
589
598
562
642
544
539
608
623
632
556
587
639
585
565
548
940
551
639
1024
635
659
538
560
1437
1318
1354
1207
1391
1289
1480
1421
899
1052
923
1063
1025
1057
990
677
604
764
628
666
635
563
654
654
690
660
665
578
581
524
609
548
568
622
599
599
646
567
1280
1328
1477
1526
1422
1479
1398
1318
1359
1434
1496
1619
1611
1345
1168
1112
740
706
734
985
729
779
923
689
712
646
745
828
793
703
769
741
732
748
794
694
804
763
759
800
731
788
747
655
665
834
820
743
730
745
773
701
690
675
730
721
751
877
788
737
733
674
666
712
861
813
810
818
720
735
705
727
701
752
880
727
657
752
716
667
730
742
737
830
761
725
754
697
1470
1322
1305
1332
1263
1372
1432
1460
1352
1976
1496
1398
1326
1354
1098
1012
759
682
737
566
625
643
445
568
500
604
605
601
704
650
736
550
694
683
706
694
529
646
591
545
593
556
904
1096
495
598
467
597
566
596
487
446
499
579
468
577
497
468
487
493
428
425
578
518
522
482
449
517
512
462
519
488
463
482
471
431
533
518
464
1277
1422
1443
1596
1591
1534
1487
1361
1472
1598
1536
1266
1029
887
751
798
830
571
577
573
541
530
584
505
549
525
433
459
504
606
539
772
621
736
710
556
519
503
526
453
505
574
706
535
583
597
529
508
542
537
466
482
523
491
530
464
535
496
450
436
478
533
536
464
495
792
515
515
552
675
561
1425
1271
1416
1398
1387
1323
1375
1605
1399
1528
1358
1423
1280
1356
905
968
908
1008
1498
981
1255
998
1024
950
967
992
1044
999
945
977
986
983
1113
1015
946
1009
945
876
1124
1003
881
1030
952
1035
889
865
935
898
1188
1156
1121
1121
1076
1191
993
992
1026
937
1010
947
1413
1035
1047
1153
862
1020
970
1013
1163
1140
1055
1139
1089
1005
988
974
968
2963
917
956
970
1034
867
928
852
920
736
715
618
708
683
448
523
481
619
565
549
591
445
726
701
587
562
503
636
575
769
610
602
1309
1401
1277
1484
1392
1346
1425
1396
1470
1348
1391
1395
1349
1462
1345
1299
1292
1367
1517
1334
1320
1308
928
976
622
1520
767
587
617
613
636
516
566
453
577
558
626
612
624
625
481
561
560
690
679
634
614
539
469
528
482
701
543
529
582
626
606
673
495
581
497
553
530
514
578
694
594
563
462
528
578
571
645
580
1394
1357
1373
1325
1417
1354
1353
1464
1951
1394
1252
1258
1289
1518
1383
1204
1415
1241
1336
1282
1451
1400
1304
1361
1316
1440
1705
1029
1041
913
901
1124
899
971
948
908
924
934
1091
1017
971
941
906
1026
930
781
671
710
704
773
767
719
731
687
752
683
726
651
710
763
746
842
758
752
688
720
888
665
684
717
662
694
723
754
617
654
672
682
685
755
688
692
780
739
726
844
801
1417
814
791
728
821
794
778
706
780
758
714
775
735
819
771
693
819
722
724
704
654
788
707
840
851
758
751
955
810
743
680
729
730
574
654
573
609
622
594
660
641
613
593
559
556
556
549
552
584
566
895
564
643
553
673
553
643
640
549
530
610
740
613
591
533
554
523
622
646
591
566
610
531
618
683
651
655
674
596
615
645
645
605
666
615
554
534
613
624
566
670
885
588
557
604
533
512
678
544
571
537
619
711
573
582
661
687
579
511
533
555
603
703
961
614
621
607
641
665
537
609
548
483
535
620
639
598
581
638
519
621
539
608
597
637
970
595
681
620
615
580
638
597
668
628
617
563
590
603
615
602
575
590
557
721
583
595
660
589
523
588
611
578
648
639
548
606
619
653
646
585
598
582
570
657
607
587
585
512
594
624
658
591
666
588
547
608
589
562
621
894
654
578
584
744
684
604
621
575
576
647
593
579
654
535
583
669
689
559
567
605
612
678
618
652
572
570
579
704
590
597
571
720
725
674
610
757
614
592
723
614
527
590
588
540
558
577
544
549
532
746
539
608
540
509
569
648
650
636
536
1419
1363
1337
1277
1000
916
886
714
780
620
551
635
1451
1412
1303
1598
1505
1592
1468
1581
1484
1483
1123
1110
796
829
956
603
597
527
651
492
524
480
419
465
507
513
493
525
527
503
543
487
542
538
501
459
537
484
599
507
610
469
498
521
507
914
452
505
522
525
499
475
519
476
472
451
514
517
487
488
501
487
532
515
489
511
541
530
617
559
635
553
538
479
494
544
581
477
502
549
505
544
556
523
508
578
473
517
543
925
539
578
523
527
1400
1397
1433
1419
1333
1494
1550
1332
1385
1446
1319
1351
1298
1367
1268
1379
1579
1421
1430
1463
1227
1340
1387
1398
1381
1374
1435
1522
1400
1628
1328
1300
877
898
859
820
801
624
602
619
480
573
572
584
551
614
603
538
567
610
495
546
480
542
443
504
537
854
532
515
524
492
458
471
469
487
452
468
464
470
464
468
498
560
510
491
446
461
451
425
523
504
559
666
641
756
687
650
691
595
581
606
701
666
1248
644
639
648
556
696
593
653
626
620
624
660
678
724
760
690
661
621
654
648
674
633
645
705
638
824
605
669
671
571
599
1406
1295
1292
1402
1443
1495
1427
1474
1454
1427
1366
1327
1378
1303
1360
1383
1492
1360
1406
1260
1320
1412
1338
1282
1481
1329
1383
1480
1314
1280
1380
1371
901
1035
829
690
773
582
675
566
505
484
492
650
639
574
626
1022
692
488
518
439
500
437
406
562
510
513
508
565
491
578
518
646
456
556
566
489
477
456
524
439
461
821
471
514
510
542
550
1341
1300
1325
1370
1292
1424
1263
1413
1483
1297
1682
1419
1579
1623
1538
1492
1042
969
904
858
748
672
545
600
496
471
484
475
480
467
546
448
534
487
480
515
475
489
486
498
461
489
487
494
470
458
599
585
526
555
490
484
514
477
550
517
553
642
573
493
509
533
480
480
1468
1253
1398
1342
1292
1374
1260
1327
1460
1553
1659
1435
1429
1304
1417
1326
1381
1288
1445
1397
1444
1197
1308
1364
1013
1045
905
1062
935
962
912
1030
931
880
973
1008
1018
1049
904
959
892
1013
965
1037
966
1045
899
938
915
1186
969
927
1032
1017
904
1125
1568
933
1025
983
911
974
1090
1067
1054
994
965
993
1012
973
1544
1019
963
1002
1203
946
983
1820
1112
973
795
803
672
706
531
616
561
607
520
470
483
480
473
467
556
548
666
599
623
607
578
523
699
506
616
458
563
521
629
654
502
455
473
524
534
507
759
588
554
514
541
673
636
594
548
490
459
570
503
467
629
470
553
595
553
519
498
481
518
491
528
475
503
498
504
506
464
510
525
481
489
800
517
524
460
583
467
532
511
577
562
516
429
500
524
484
478
498
532
504
581
524
537
564
488
544
449
455
433
503
494
518
515
474
457
546
538
495
463
515
607
513
540
586
623
462
528
480
450
499
591
512
496
492
469
488
981
551
483
516
612
496
475
518
516
436
562
534
462
418
454
475
522
577
535
496
506
478
501
487
477
585
513
485
438
516
520
464
543
480
458
517
490
503
421
506
520
500
482
427
648
550
496
486
500
551
467
455
452
578
607
496
510
492
446
456
565
543
515
483
453
531
610
529
443
512
447
489
518
561
546
482
496
487
769
473
459
469
552
535
592
519
501
558
463
507
504
449
535
471
482
459
458
498
602
486
488
530
555
510
548
507
583
564
466
523
506
522
829
544
559
450
456
548
596
482
451
483
411
496
438
469
474
495
553
524
530
508
620
532
484
464
434
864
574
512
515
478
1183
1275
1267
1373
1277
1590
1376
1524
1259
1470
1339
1345
1289
1312
1461
1402
1383
1322
1572
1316
1284
1376
1387
1344
1429
1364
1404
1396
1016
882
857
775
755
600
631
629
508
495
454
588
475
644
1338
1411
1945
1242
1385
1318
1352
1560
1328
1416
1428
1402
1494
1558
1534
1398
1367
1347
1281
1334
1593
1090
939
949
1077
1051
927
1076
974
889
1009
979
1117
997
1067
1040
1017
881
1038
856
1012
1080
1033
982
891
904
960
988
912
903
971
913
903
918
1521
1169
960
929
883
1052
956
913
934
998
1058
957
960
948
912
929
1040
1028
1041
964
991
895
1018
919
933
913
1005
1021
973
986
1067
976
987
1015
905
918
927
1682
996
1002
993
1375
1020
1077
1442
945
906
961
887
945
1218
1161
1060
955
966
992
892
932
869
898
1029
965
978
1148
937
924
1335
1437
1487
1350
1364
1422
1026
1221
835
740
813
688
593
566
463
453
489
513
506
515
522
539
489
488
495
607
508
536
477
462
526
471
504
495
472
439
531
519
499
488
483
556
461
479
510
1408
1385
1445
1439
1246
1369
1313
1369
1187
1292
1470
1396
1518
1406
1403
1309
2169
1834
1318
1431
1394
1332
1433
1373
1348
1364
2666
1451
1322
1348
1367
907
942
799
769
625
599
562
696
524
490
616
547
643
571
599
486
558
517
454
503
496
447
475
492
528
485
484
502
556
473
551
972
1556
1478
1368
1394
1501
1358
1492
1506
995
928
809
794
675
562
584
597
528
490
474
1275
1369
1458
1376
1376
1325
1901
1378
1272
1424
1600
1371
1388
1330
1285
1449
1326
1464
1495
1360
1335
1403
871
972
748
753
810
688
666
549
638
490
546
653
634
655
597
985
588
589
570
609
582
624
573
585
568
597
607
597
568
648
615
631
649
657
572
649
569
604
606
570
659
625
621
652
638
701
633
645
647
545
579
665
607
583
660
569
673
641
602
579
626
588
645
636
573
626
594
557
594
597
625
604
596
631
534
678
606
652
582
600
599
552
503
570
636
639
635
574
633
650
612
684
683
635
644
1016
591
601
568
662
575
646
590
575
691
669
611
1755
565
488
580
584
652
565
551
650
638
672
618
952
652
593
564
615
659
619
666
568
594
608
558
595
681
603
592
1332
1440
1411
1382
1354
1274
1327
1468
1397
1434
1002
890
863
1362
873
534
642
618
448
544
543
527
518
476
492
465
450
450
509
433
432
443
486
452
463
424
456
514
482
452
458
460
529
508
438
489
492
481
550
481
496
453
502
565
550
466
576
465
485
402
540
503
505
548
496
500
621
485
441
487
463
603
517
532
561
533
545
558
485
625
533
570
556
569
581
653
667
642
685
564
657
574
1252
1383
1471
1411
1422
2316
1517
1346
1329
1411
1241
1287
1302
1536
1291
1570
1383
1588
1297
1228
1237
1272
1372
1299
1382
1380
1315
1474
1268
1344
1633
1229
1448
1429
1341
1496
1478
1418
1454
1468
1553
1098
1007
915
703
705
664
700
611
466
511
467
570
658
774
915
759
591
613
580
704
626
555
548
537
532
495
805
605
535
551
525
502
513
519
492
519
470
505
520
530
496
566
555
517
517
548
468
535
524
490
489
471
484
482
460
613
631
739
525
541
561
492
576
521
500
513
600
472
524
646
530
538
543
496
614
524
586
560
569
528
476
1392
1306
1290
1364
1317
1569
1406
1309
1401
1317
1265
1563
969
1027
801
789
833
836
732
736
753
706
1245
762
795
808
776
702
1158
788
736
685
657
722
1295
815
779
687
821
744
729
759
611
779
742
719
681
707
735
792
720
693
668
689
741
687
733
817
766
732
758
675
719
859
883
833
775
772
1084
794
743
668
768
788
835
862
700
789
718
709
742
713
769
727
739
842
816
778
805
935
917
710
832
883
631
610
599
552
519
575
590
547
651
607
533
698
558
599
642
642
619
586
600
554
580
574
663
635
616
595
613
570
556
552
631
551
550
640
662
617
687
594
657
578
637
546
596
551
576
549
572
781
576
594
558
642
567
577
581
584
691
618
675
612
570
596
530
553
562
569
1025
783
644
707
575
617
624
591
566
603
621
697
663
628
593
560
586
650
574
605
556
618
568
644
526
567
543
571
624
655
594
601
586
594
559
562
600
551
541
572
573
561
611
578
565
575
577
601
582
610
592
667
558
576
530
535
526
602
589
628
548
587
532
650
714
596
544
527
547
581
654
672
620
626
647
539
646
593
611
607
749
628
696
619
552
651
640
594
629
546
490
525
574
757
629
680
588
541
589
644
616
675
1268
1404
1389
1414
1455
1446
1390
1428
1270
1346
1453
1325
1684
1598
1609
1512
1567
1169
1087
1062
838
721
701
724
813
693
655
757
679
795
723
751
809
755
1142
745
2230
742
739
648
645
760
719
726
733
1088
700
730
690
655
674
873
756
847
739
740
730
790
835
703
791
726
775
767
1037
754
789
730
705
753
671
849
754
807
708
699
724
690
735
723
708
682
688
674
787
809
763
727
773
895
863
697
926
717
738
737
685
641
714
818
704
684
719
732
671
740
745
789
782
755
757
718
784
1320
743
724
669
699
849
717
904
803
698
728
699
779
738
707
684
840
672
784
695
796
759
791
721
658
688
726
809
808
814
698
714
789
726
722
783
844
754
724
745
709
736
746
678
676
744
936
846
850
754
780
785
765
719
671
836
900
709
695
750
715
1181
805
834
703
764
804
723
737
741
691
771
715
637
725
690
685
714
791
758
795
774
764
689
675
726
687
701
706
737
651
853
797
766
681
707
698
842
775
698
720
877
802
830
882
631
662
558
661
550
592
546
584
594
590
615
558
580
614
591
597
607
578
528
586
582
685
564
577
531
630
592
542
593
716
633
610
561
567
601
609
626
612
577
646
722
638
618
603
662
536
576
574
687
904
548
558
552
585
575
590
747
691
610
517
596
591
567
584
573
645
573
606
554
559
588
580
670
622
572
648
576
584
679
615
615
622
555
593
611
582
618
1007
580
601
536
1087
568
616
575
619
673
619
586
590
611
636
598
628
576
594
571
539
597
641
587
572
522
579
692
544
551
531
603
606
612
649
575
576
585
573
571
669
605
564
738
704
588
637
671
582
593
638
635
554
1288
1373
1483
1527
1619
1459
1441
1568
1369
1286
1389
1335
896
1044
768
746
731
604
598
635
504
553
480
496
490
564
605
681
633
545
489
491
517
652
520
520
502
491
488
513
486
504
641
503
599
634
480
561
432
496
521
638
530
584
491
541
502
579
589
507
592
474
482
524
488
627
553
521
494
517
504
533
535
534
568
584
486
518
582
504
579
495
503
580
498
1018
687
563
554
579
642
542
496
529
525
514
464
479
578
473
592
486
486
598
534
485
543
787
521
550
539
493
515
462
561
499
563
483
519
513
550
560
568
513
509
536
472
569
470
499
491
623
527
460
465
495
606
531
512
570
553
545
484
557
503
517
536
600
559
608
464
523
485
485
588
446
545
511
505
476
514
548
492
469
541
547
482
1265
1360
1298
1261
1360
1276
1296
1452
1364
1316
1297
1275
1265
1253
1298
1469
1427
1455
1294
1337
1490
1604
1549
1608
1512
1466
1215
1002
732
722
786
668
711
823
854
825
791
825
764
795
713
679
696
690
686
701
823
863
785
752
854
714
671
708
682
637
745
1290
936
827
861
702
798
2312
728
651
767
824
1017
684
757
730
765
871
762
772
831
715
798
817
745
682
701
698
647
626
629
802
722
797
772
727
773
641
716
837
752
755
702
661
823
783
850
705
772
661
723
786
687
769
653
649
701
742
791
736
756
716
809
731
701
663
742
673
790
694
702
696
715
723
824
780
726
815
728
775
660
698
691
796
659
760
756
818
1045
712
699
671
758
808
818
818
832
1136
780
694
697
668
658
746
637
693
727
797
748
829
687
762
727
722
696
751
740
701
805
901
844
722
653
689
726
677
675
695
712
677
818
718
687
719
820
1367
755
769
733
699
677
697
797
717
660
761
697
759
833
794
804
753
770
686
766
666
789
1331
1441
1356
1406
1319
1216
1281
1321
1483
1460
1385
1368
1453
1378
1445
1346
1291
1381
1394
1341
1463
1245
1303
1491
1374
1396
974
1005
1393
809
781
815
711
796
786
774
740
786
677
796
798
741
693
669
614
750
714
729
725
743
697
739
728
639
679
763
737
666
815
783
732
743
736
811
707
980
763
918
756
774
1189
750
681
786
669
668
726
766
711
712
757
818
746
833
793
739
666
721
697
749
687
759
789
731
676
715
760
864
826
743
725
790
906
837
738
736
867
709
664
626
766
777
750
1169
807
737
706
748
922
726
684
787
674
774
1144
699
1120
688
738
795
742
761
810
818
682
635
684
750
781
784
692
738
755
711
833
693
707
1054
696
650
730
787
739
781
769
679
767
753
726
743
697
782
801
783
750
748
764
705
681
729
880
716
894
885
811
740
728
782
701
820
672
762
803
864
758
871
819
817
784
759
735
772
657
834
785
702
727
761
745
907
843
775
873
777
816
753
820
879
721
833
670
628
718
669
702
642
810
735
697
779
834
824
730
686
700
675
727
681
646
687
784
766
732
750
779
727
812
639
708
740
690
667
687
721
660
653
741
732
749
1291
831
659
668
747
662
671
725
785
769
719
916
797
803
685
832
762
694
722
726
736
783
724
685
709
715
737
768
756
739
783
667
696
710
796
712
759
708
705
704
662
755
749
699
738
716
854
723
763
776
746
885
786
773
774
932
625
562
591
598
546
579
554
605
670
653
571
638
579
685
621
589
571
595
571
551
577
703
705
696
676
551
602
601
597
655
575
637
587
607
662
682
675
976
537
606
624
575
580
565
584
563
586
576
639
738
707
686
599
529
597
674
980
609
595
627
537
544
552
600
652
567
631
599
560
637
561
643
557
691
551
563
584
534
610
1706
1004
599
679
585
591
577
558
544
552
597
609
602
624
622
582
616
601
595
561
588
550
599
836
591
547
599
550
552
557
641
637
576
518
509
556
616
529
614
617
557
641
582
682
566
595
669
584
644
552
592
614
594
518
646
703
623
574
616
563
569
606
618
550
579
519
614
669
621
584
643
686
667
590
555
541
610
555
557
510
538
589
618
587
607
567
610
571
602
582
550
549
535
654
610
600
578
570
523
563
664
564
624
537
626
626
626
633
626
661
592
623
634
523
518
489
584
560
572
722
653
613
537
532
592
566
638
562
579
617
573
590
541
575
942
709
628
649
616
1093
557
653
672
675
575
559
531
557
573
601
642
721
520
517
669
557
638
595
576
540
566
578
638
575
571
550
545
666
584
744
682
617
555
642
644
560
561
561
635
671
588
552
575
546
632
581
534
580
616
578
639
617
662
600
569
620
563
598
547
578
560
563
567
653
624
652
588
555
501
557
612
548
501
494
541
635
596
792
547
636
549
560
549
602
558
616
518
636
715
572
616
657
611
543
587
546
725
610
611
654
571
621
638
632
555
526
552
537
569
627
730
642
762
740
723
785
829
713
638
653
763
775
670
705
675
622
708
697
641
713
669
610
647
1184
676
726
700
739
685
691
733
693
781
837
813
775
682
655
711
654
792
619
664
666
657
708
853
767
736
798
668
747
761
722
663
818
823
755
778
850
687
704
727
675
727
672
778
691
711
653
685
649
720
695
742
674
752
694
646
712
685
676
673
708
711
658
693
733
767
692
783
678
678
664
688
762
776
690
1427
1307
1481
1606
1570
1669
1554
1465
1550
1435
1430
1348
1348
1367
1424
1199
1409
1406
1318
1421
1336
1216
1372
1334
1275
1244
1559
1273
1095
986
1032
1102
1015
1025
921
785
827
654
550
565
712
594
620
637
582
653
564
592
655
568
627
608
567
542
507
532
673
642
586
526
654
626
1043
552
749
597
530
677
611
623
668
692
599
650
673
575
539
619
580
592
616
661
597
567
566
610
675
545
640
581
607
554
586
601
511
507
514
481
542
653
580
559
544
610
562
651
612
605
566
602
538
552
637
566
592
597
584
594
586
575
531
587
589
673
605
557
617
530
517
555
589
543
558
557
574
554
503
618
957
580
542
526
509
644
559
568
580
583
596
534
593
548
580
619
528
601
554
655
774
609
717
641
606
576
875
589
574
684
659
646
638
603
667
541
656
560
563
572
539
553
566
635
582
595
555
593
589
567
583
542
551
516
540
542
704
675
1017
705
655
629
619
601
626
610
611
573
627
561
567
1054
591
582
560
579
617
615
619
603
646
574
570
683
537
548
559
578
615
569
590
636
653
607
613
563
968
592
649
632
615
559
557
628
648
675
541
559
559
570
613
533
688
534
553
605
706
616
566
610
555
594
540
557
630
556
605
596
588
655
585
606
557
547
542
550
536
534
552
542
522
724
592
630
613
583
629
607
554
528
564
540
704
745
546
559
546
546
625
533
635
532
617
605
586
551
654
930
572
631
650
593
1347
1439
1381
1440
1454
1290
1458
1407
1452
1189
1214
1316
1498
1348
1365
1455
1152
1105
1009
1027
2082
1055
1071
1051
1135
992
979
994
964
1075
1017
1013
877
971
913
1106
923
901
958
915
1049
1081
982
942
953
1050
1054
929
971
969
929
879
975
854
935
963
1080
991
942
935
977
884
954
964
1012
961
1069
1056
932
1064
1001
944
934
1147
1070
1068
989
1005
959
989
1012
1296
929
1086
945
924
906
890
1050
1066
978
964
1043
1017
889
910
1022
1019
948
933
1025
977
968
1011
950
1428
1423
1388
1453
1374
1420
1429
1519
1345
1625
1522
1293
975
1120
791
722
701
640
576
639
520
553
743
631
677
615
650
578
583
547
573
545
553
628
601
562
590
585
617
552
706
581
547
554
504
548
575
565
530
550
1086
922
637
637
613
549
649
543
647
612
589
686
646
624
603
611
581
594
671
593
615
627
717
604
579
589
567
550
588
580
604
555
586
565
630
620
580
676
597
629
666
601
663
533
642
659
661
659
584
576
545
582
591
560
556
521
513
596
733
560
560
564
578
934
573
598
560
634
634
663
675
596
732
784
685
680
643
787
611
693
699
658
639
709
698
660
697
714
667
762
724
736
777
753
2112
780
833
669
636
637
684
705
718
766
728
730
684
652
691
755
719
748
639
775
745
655
665
707
700
719
679
779
762
715
732
681
648
683
611
776
749
770
805
683
670
632
625
1179
716
662
671
748
707
658
723
723
764
790
1325
1318
1464
1374
1386
1466
1637
1331
1451
1464
1420
1458
1652
1373
1427
1561
1136
1137
863
937
712
690
593
484
465
533
799
624
465
508
669
652
420
500
591
485
585
574
441
583
533
534
535
449
523
505
544
544
615
476
492
497
495
468
581
704
566
519
539
515
488
552
515
505
562
499
537
484
521
497
508
536
1248
1559
1560
1521
1308
1484
1619
1583
1167
1414
661
792
726
665
565
636
531
456
456
548
677
619
524
523
677
495
538
584
499
534
459
499
562
508
543
539
517
503
496
476
1314
1350
1341
1369
1387
1225
1213
1412
1270
1594
1186
1573
2605
1435
1379
1369
2889
1223
1125
838
726
794
602
549
480
442
473
456
434
469
606
510
488
556
545
562
507
549
521
523
459
564
487
474
558
534
564
538
497
477
421
575
452
436
545
470
500
557
529
505
435
529
537
498
491
1301
1288
1301
1156
1226
1630
1330
1371
1297
1369
1253
1245
1373
1235
1169
1489
2107
1413
945
870
958
785
680
610
592
611
1126
1032
931
909
1064
1135
950
1019
984
976
1010
1054
1185
1071
1024
1056
1089
1197
1207
977
1022
1073
1055
1060
941
1109
1129
1021
1011
1013
816
730
810
584
601
623
466
497
557
458
514
669
566
563
639
598
640
584
572
526
484
668
522
567
1342
1377
1304
1275
1332
2646
1260
937
725
715
974
759
751
701
695
713
735
669
680
646
715
739
656
710
685
748
680
711
755
702
714
662
725
644
679
690
779
760
724
803
744
731
709
725
657
682
801
742
705
676
656
618
817
748
718
676
715
688
712
810
750
714
686
699
734
798
778
728
810
787
781
704
718
687
775
753
720
770
724
717
828
705
821
742
725
634
671
844
780
680
751
674
867
822
731
725
698
700
674
653
727
674
727
740
682
792
833
865
748
734
693
691
826
723
698
846
749
743
670
705
687
741
720
773
712
760
752
762
800
793
752
713
748
1289
1368
1279
1552
1350
1298
1581
3514
1455
1395
1403
1427
1356
1421
1394
938
981
1040
965
965
974
1169
971
958
795
735
743
759
696
709
789
836
674
589
595
653
560
522
534
606
599
699
767
552
916
744
631
525
553
592
549
516
527
467
552
465
473
826
446
557
510
542
539
630
506
648
661
671
623
529
699
614
658
604
493
659
493
1266
1570
1913
1420
1313
1393
1492
1278
1572
1491
1291
1470
1386
1380
1361
1359
1279
1461
1344
1211
1327
1583
975
987
749
693
786
581
562
633
539
566
475
577
489
498
528
488
512
458
556
560
521
433
435
517
511
473
575
479
448
406
492
488
525
601
507
484
446
557
531
646
526
491
1039
519
513
531
495
582
865
461
431
501
500
464
556
489
576
459
560
549
491
514
499
472
475
431
493
459
506
614
549
442
457
454
489
506
555
528
456
492
473
479
557
501
579
499
605
537
502
504
496
462
411
512
462
522
489
495
481
459
477
495
480
488
587
506
518
466
617
486
452
477
561
471
481
590
496
525
438
540
500
504
558
504
517
550
607
512
474
545
530
472
487
505
485
481
526
441
500
570
484
564
514
540
531
534
518
470
489
758
464
493
449
427
446
435
486
436
429
509
506
602
447
464
507
506
492
444
463
477
486
486
500
450
506
475
819
662
475
542
520
458
515
697
484
506
492
465
453
478
480
574
485
499
508
485
421
490
451
505
561
466
469
468
472
509
544
510
489
776
488
485
561
480
476
481
477
458
495
508
575
479
542
470
543
547
455
454
525
538
503
444
480
452
522
499
484
474
500
560
526
489
498
520
463
482
474
498
527
623
523
1571
1287
1370
1388
1532
1497
1615
1516
1425
1318
1329
1372
1265
1379
1380
1308
922
1086
795
698
716
646
764
736
649
665
778
834
693
809
730
720
802
811
827
817
738
795
664
736
759
799
766
704
712
685
699
752
800
740
659
840
846
722
708
706
729
1360
812
716
761
903
696
664
699
763
842
833
815
751
772
689
705
706
823
1251
1150
760
686
760
712
727
739
716
773
796
742
721
764
839
1386
1395
1340
1420
1637
1475
1528
1509
1032
924
981
1002
1033
979
994
856
919
1046
1056
1004
987
1076
966
937
994
968
1057
1185
992
929
995
929
852
864
1052
1039
1134
1044
1052
988
965
1014
1000
954
908
955
926
1051
1069
1149
1089
968
949
1075
1054
927
903
938
918
973
1084
1145
1018
988
921
1144
1094
742
728
752
799
741
804
769
821
734
730
776
910
779
606
618
609
558
582
571
586
464
431
478
466
497
508
543
485
476
530
562
576
991
589
544
502
559
464
466
567
491
515
540
477
520
511
478
441
556
511
490
503
505
485
468
651
500
535
489
471
493
486
498
494
506
1421
1492
1368
1341
1285
1332
1483
1440
1384
1337
1392
1304
1391
1349
1239
1211
1337
1280
975
1001
958
901
906
905
988
971
988
958
1066
1060
894
994
999
985
1022
1067
1052
1143
1051
1056
1053
1025
945
984
899
1082
1039
1001
964
891
907
856
983
963
892
870
947
899
1014
616
896
769
589
603
523
554
580
618
548
600
542
586
602
629
595
580
613
604
546
544
556
631
585
549
553
528
621
644
602
552
648
603
640
560
550
543
538
517
554
563
622
624
590
2340
1382
1347
1383
1253
1379
1254
1407
1548
1361
1462
1569
1337
1235
1013
959
799
800
703
650
609
672
571
628
625
611
578
632
587
569
594
587
602
561
695
581
599
589
625
578
621
562
592
597
700
684
603
585
621
616
531
575
623
584
670
589
621
625
582
631
549
590
551
922
513
662
668
555
577
527
701
549
599
655
690
612
600
592
558
565
627
652
623
606
566
572
554
578
584
592
588
611
547
529
605
602
621
559
514
572
576
541
539
627
625
599
566
582
656
647
678
600
567
624
623
586
626
661
619
591
583
514
531
577
601
556
648
563
598
590
553
709
691
560
690
582
854
779
602
568
670
642
569
667
643
596
674
556
574
602
673
607
596
667
547
536
689
736
641
609
649
622
533
530
647
579
771
606
614
633
489
621
693
628
630
674
644
578
640
581
632
589
563
534
582
579
602
575
621
635
585
532
636
639
711
887
573
737
622
611
662
589
611
668
664
558
680
562
607
586
596
593
565
591
650
616
683
647
623
591
708
607
592
554
514
658
1066
676
641
647
1067
703
555
621
646
614
548
564
678
587
619
608
599
626
627
578
677
568
542
566
580
609
572
563
543
581
605
674
584
564
521
611
610
545
614
523
579
624
599
572
1104
585
1329
1476
1303
1310
1305
1416
1291
1324
1367
1269
1453
1396
1357
1409
984
943
1027
713
755
626
645
1007
465
440
527
531
507
482
541
503
804
563
489
468
471
437
509
472
510
563
527
455
491
509
556
541
492
480
469
473
583
547
466
427
575
520
556
545
480
459
543
497
475
441
447
474
446
507
501
504
478
524
430
455
447
1276
1377
1249
1336
1318
1346
1382
1390
1345
1222
1606
1513
1494
1609
1560
1518
1080
1106
734
663
756
598
679
559
547
478
531
902
624
606
489
581
565
577
637
508
510
507
545
531
623
541
553
529
489
517
506
518
596
618
595
533
509
513
507
479
559
911
597
616
572
556
472
524
587
579
523
498
487
534
598
587
487
456
569
592
502
442
601
569
592
598
560
542
565
456
549
572
600
539
462
564
487
504
590
531
534
489
536
462
659
525
518
514
483
533
493
552
594
503
484
525
510
530
546
472
554
535
532
562
473
538
549
595
478
527
552
511
506
649
671
487
535
509
548
596
583
470
461
501
500
531
527
572
489
482
529
538
573
510
607
475
467
509
607
520
589
548
472
462
494
1305
1334
1440
1337
1313
1349
1335
1311
1440
1323
1379
1272
1393
1337
935
889
953
764
739
622
563
540
668
611
563
571
710
577
609
1415
545
579
609
493
540
586
645
614
607
620
630
675
610
622
606
638
592
583
558
562
584
613
679
635
578
593
584
602
611
678
639
574
596
599
610
625
657
617
637
586
554
615
545
577
612
595
1053
589
583
607
621
549
600
493
593
600
766
669
565
519
594
555
526
541
544
533
606
638
595
629
606
582
682
584
576
583
609
1427
1393
1421
1278
1341
1334
1551
1459
1337
1508
1585
1442
1482
1478
1230
1131
703
880
729
683
810
1280
1331
1435
1377
1305
1416
1506
1421
1288
1737
1571
1526
1546
1467
1144
1052
772
724
867
664
617
492
535
491
489
633
576
575
564
620
629
594
586
1240
1435
603
656
520
615
723
681
655
671
590
513
701
733
549
537
471
501
430
549
584
480
548
501
541
550
571
528
556
472
549
563
549
624
521
593
548
566
646
849
517
591
522
551
611
505
576
538
608
551
501
583
563
1384
1393
1356
1408
1423
1322
1267
1269
1100
1070
1075
1074
1110
973
992
940
978
947
1015
972
969
1028
745
806
661
655
714
742
733
726
753
730
725
759
688
748
750
837
771
845
731
793
784
704
737
669
690
713
748
719
755
722
720
643
699
735
781
1065
804
722
765
644
699
725
712
820
896
738
697
719
795
689
739
757
750
638
771
747
776
678
643
973
802
877
828
717
705
716
764
684
727
807
694
800
747
770
632
783
690
731
678
805
784
749
696
717
860
722
837
796
800
711
724
702
718
662
680
748
820
749
784
743
669
717
631
839
841
693
742
695
722
685
655
730
995
747
879
703
738
854
783
696
722
738
668
736
750
791
745
701
685
688
716
812
732
662
688
697
663
631
866
675
863
707
719
725
745
745
824
726
707
727
700
747
572
626
583
607
630
537
620
622
535
625
539
605
567
572
544
645
695
623
611
622
545
607
1063
559
539
542
582
603
536
560
724
625
620
630
623
539
643
594
1336
1327
2505
1492
1435
1374
1338
1372
1564
1456
1408
1465
1332
1439
1475
1361
1444
1418
1309
1489
1485
1340
1333
1308
1348
1086
1023
1040
802
719
677
741
800
793
790
684
719
676
702
748
815
828
739
667
734
803
766
767
690
773
833
811
845
840
744
744
776
732
722
683
789
724
735
675
709
698
667
803
772
708
769
742
643
859
775
726
722
730
699
766
667
711
756
707
762
763
629
567
610
678
608
664
674
578
639
659
560
612
531
581
595
699
740
596
605
576
559
525
552
666
622
612
600
662
638
552
691
594
555
595
574
620
585
716
680
635
615
560
600
601
626
606
622
607
562
1126
580
601
965
610
652
669
579
634
589
633
610
535
536
530
674
680
632
568
568
1026
615
606
656
623
586
664
668
567
559
637
959
621
1002
567
630
603
627
597
620
651
623
550
640
596
582
625
639
580
627
677
567
545
536
564
620
645
566
698
652
554
707
526
621
710
609
542
528
545
581
657
632
683
575
610
586
582
663
606
585
575
638
583
580
569
588
638
637
657
526
592
601
583
600
921
647
552
573
545
621
580
631
586
590
637
540
501
573
672
594
519
570
524
542
566
605
632
558
581
579
619
536
612
615
553
539
561
513
603
650
596
600
548
1079
605
606
591
583
615
581
684
584
580
611
597
617
590
630
600
621
638
588
551
559
566
540
567
566
739
567
636
1075
735
801
599
578
678
592
523
574
742
1828
608
562
619
547
569
576
583
608
589
653
687
693
540
604
643
578
605
609
639
627
696
606
661
707
674
650
603
689
678
596
596
542
630
534
627
632
653
592
614
544
559
500
561
696
568
659
566
553
500
572
604
553
553
540
572
568
541
631
637
585
539
570
576
565
650
536
596
516
584
516
568
560
633
631
606
588
632
552
600
750
546
623
545
596
542
563
534
691
651
543
572
547
1154
692
596
564
566
568
524
653
581
625
579
615
575
695
535
590
608
910
549
642
596
530
558
683
566
1017
589
621
615
651
589
578
667
608
715
640
615
614
872
539
561
687
533
563
664
615
587
620
1437
543
573
630
596
533
613
551
580
629
614
567
585
1289
1304
1374
1281
1448
1381
1470
1354
1298
1172
1385
1488
1311
1516
1375
1438
1386
1533
1477
1355
1290
1354
1355
1412
984
1172
904
704
762
589
574
624
679
745
628
694
655
625
613
546
631
559
633
652
657
658
623
637
620
628
556
567
560
546
557
609
565
627
640
615
668
629
603
583
661
540
533
591
586
557
951
589
783
622
537
614
558
545
1212
1652
1196
1435
1335
1417
1372
1414
1454
978
975
866
865
876
998
1060
1002
1042
988
882
935
1121
1138
948
992
1088
1051
989
1003
1095
942
1112
696
691
694
607
569
633
599
628
651
564
658
604
608
558
612
600
712
541
555
580
578
651
729
687
604
570
665
581
654
646
739
646
674
568
605
686
561
646
507
598
538
605
559
535
536
685
673
537
602
546
595
595
568
636
627
533
694
566
605
624
560
619
648
640
593
624
620
622
627
626
629
613
647
681
620
536
557
631
557
597
652
630
574
596
617
597
642
703
575
607
539
540
584
624
664
668
1123
627
690
573
620
651
578
550
603
591
598
620
582
580
599
584
702
559
585
645
1450
1337
1449
1733
1614
1530
1506
1382
1036
961
755
718
764
549
648
615
540
545
555
570
598
602
605
617
577
557
652
658
661
589
673
634
623
570
614
574
627
714
572
674
559
586
565
631
528
566
582
606
690
707
640
611
663
591
560
553
588
575
559
543
609
701
546
583
570
536
522
658
675
552
502
548
551
554
573
556
639
611
616
555
597
632
587
589
570
570
544
502
591
542
663
599
664
548
594
580
610
632
585
579
523
532
572
542
630
582
546
740
690
677
659
690
1104
636
588
522
615
574
606
621
602
599
566
520
549
606
643
664
609
570
643
554
609
599
553
581
665
679
608
734
569
582
570
623
595
608
649
611
654
594
625
616
556
669
593
618
563
735
627
738
636
583
631
589
585
658
612
669
551
635
527
533
593
734
629
672
605
577
866
526
541
648
629
635
640
626
636
522
569
645
617
564
531
541
550
636
643
649
593
610
648
579
600
611
569
578
593
548
556
528
558
599
655
632
624
625
564
607
645
574
643
617
611
545
675
596
648
623
659
611
580
580
545
652
546
604
594
534
590
497
595
574
543
583
548
574
572
1047
602
608
600
609
641
565
727
582
646
562
658
645
581
647
1025
613
635
1355
1319
1337
1355
1407
1409
1417
1375
1358
1280
1306
1296
1308
1330
1322
1268
1461
1502
1431
1363
1305
1498
1386
1350
1347
1609
1212
1437
1332
1306
1485
1255
1405
1329
1334
1416
1004
1017
881
896
944
958
1037
1018
1132
975
903
922
938
860
982
1030
975
962
989
1010
1043
1020
1088
1018
958
900
1070
1039
1016
928
1052
929
923
875
998
997
1160
1165
1019
913
1200
1645
879
1046
966
880
907
965
959
998
923
773
689
885
626
578
523
480
564
540
590
616
482
552
578
457
483
715
518
465
463
465
463
460
534
618
534
450
756
553
501
516
537
528
1323
1448
1465
1354
1471
1398
1424
1279
1412
1908
1285
1331
1278
1292
1307
1309
1328
1420
1419
1295
1322
1452
1339
1264
1032
971
734
726
800
644
527
614
574
583
603
587
706
636
491
486
459
515
398
493
452
446
462
631
550
529
537
538
528
571
527
490
537
455
478
493
478
482
458
536
479
546
514
483
538
494
595
561
479
512
457
517
485
471
526
467
486
506
534
553
523
463
471
557
576
466
667
542
460
527
492
450
509
443
507
562
521
505
479
565
517
476
521
516
532
537
520
518
509
451
495
476
438
524
571
526
518
449
478
554
460
542
586
505
470
878
599
558
514
519
483
525
546
450
510
835
537
469
541
570
486
460
515
491
464
574
636
481
490
455
532
486
479
498
624
507
531
527
513
466
458
497
490
574
484
546
511
710
580
635
585
554
464
553
532
612
555
525
571
601
555
565
642
555
552
533
585
614
523
573
618
662
650
600
648
675
593
572
499
551
621
526
569
642
540
501
665
626
529
534
539
629
544
603
508
527
528
555
625
603
494
520
561
653
531
525
564
569
546
523
586
592
488
580
518
605
491
507
556
1375
1385
1403
1464
1382
1460
1381
1453
1862
1227
1266
1340
1263
1472
2044
1397
1472
1282
2297
1451
1427
1273
1418
1276
1414
1508
1271
1644
1664
1579
1494
1377
1331
1004
995
682
686
806
598
578
656
551
572
475
728
529
633
495
459
497
496
575
488
531
505
489
516
487
465
542
539
526
522
632
577
521
531
510
517
542
577
546
542
466
531
505
499
470
524
573
485
533
544
492
530
480
525
1616
547
512
530
528
1336
1302
1410
1401
1345
1569
1315
1447
1427
1446
1335
1411
1352
1256
1283
1230
1583
1334
1394
1323
1278
1365
1038
1047
879
738
686
720
738
858
652
735
715
693
810
767
897
1278
684
705
735
704
706
797
730
753
769
762
675
705
643
976
734
754
793
711
651
1248
748
825
703
752
751
843
835
732
714
1187
831
1101
715
811
702
695
748
727
725
776
679
717
720
746
681
719
740
706
623
629
565
465
501
450
556
499
511
627
512
468
474
465
454
576
529
527
507
520
473
540
535
492
448
519
503
527
576
536
485
543
478
475
470
445
567
536
544
463
1262
1490
1294
1467
1408
1353
1412
1458
1367
1422
1287
1637
1442
1902
1333
1192
1148
1113
1152
1237
1225
1573
1399
1552
1394
1437
1381
1736
924
1062
686
778
748
562
570
552
559
622
682
566
604
550
560
623
580
630
542
556
525
595
616
677
658
669
571
621
611
610
552
541
953
585
568
579
622
567
996
638
641
577
593
618
540
578
603
536
530
572
658
644
594
612
618
716
598
522
613
639
601
614
681
592
605
599
624
635
680
586
595
571
568
545
580
612
598
594
637
569
630
649
654
615
585
618
579
534
648
690
635
805
577
571
606
530
617
747
937
686
576
622
558
686
568
591
582
544
590
543
571
705
567
651
603
563
575
673
690
635
660
619
564
622
576
608
609
645
640
578
603
553
593
666
742
668
578
594
594
629
586
599
532
629
578
512
581
554
642
575
582
564
653
692
615
595
593
581
627
558
608
553
617
574
592
640
622
631
1031
610
629
551
580
1068
766
685
696
620
608
560
640
678
573
598
490
574
634
692
660
575
661
667
595
569
591
698
644
646
640
524
484
640
535
549
700
673
612
590
642
701
628
570
546
561
716
604
648
705
625
576
575
641
628
666
582
597
594
659
564
650
623
594
575
618
973
593
594
683
603
651
581
549
562
534
639
521
574
735
612
580
546
552
550
575
613
600
654
582
570
519
579
592
571
732
648
684
600
654
556
548
593
606
633
569
1412
1357
1416
1251
1398
1484
1353
1416
1462
1352
1471
1463
1295
1307
1232
1265
965
986
950
760
680
614
656
622
541
592
572
1360
1388
1461
1256
1407
1498
1492
1350
2610
1675
1507
1597
1590
1333
1420
1495
1420
1315
1268
1334
1334
1285
1444
1032
954
893
721
768
532
681
581
602
629
583
528
630
726
652
578
689
612
556
617
593
527
567
615
607
643
618
604
574
555
585
593
557
549
528
604
574
633
938
544
616
574
627
568
703
622
582
600
587
600
620
603
619
899
637
605
722
599
586
622
561
683
652
613
528
608
599
625
670
653
707
723
638
575
616
561
595
552
560
619
631
596
589
937
560
619
611
557
594
610
658
707
639
739
582
589
678
573
604
520
574
568
618
584
539
529
528
654
996
645
652
633
558
623
591
646
603
626
625
1006
619
655
614
597
539
542
553
563
631
755
572
551
536
574
667
868
645
573
580
563
591
547
520
611
637
659
574
586
618
594
604
560
640
541
573
692
647
613
596
580
544
586
607
648
885
659
645
555
610
587
599
519
627
672
537
706
637
704
567
685
668
625
519
592
614
537
616
598
537
527
662
580
522
649
599
577
561
608
628
637
657
556
531
617
546
571
568
579
576
550
661
615
600
529
538
589
683
531
566
541
520
566
605
564
716
666
604
614
513
546
548
556
560
567
684
630
640
621
644
734
612
543
623
561
597
703
623
530
750
598
643
1001
589
598
609
572
557
618
655
590
762
646
598
934
608
556
633
580
688
633
587
569
571
628
561
579
625
617
594
659
643
613
695
566
519
544
520
581
588
621
702
600
570
671
607
601
625
673
625
625
726
756
547
602
650
549
574
503
531
603
657
619
552
682
678
602
596
627
495
540
602
523
547
511
624
758
558
638
556
535
591
631
646
622
603
566
567
772
673
565
609
543
591
606
612
560
696
609
686
613
639
616
589
526
568
658
647
581
675
571
635
735
656
591
718
529
543
560
643
557
560
635
647
659
551
591
656
551
555
613
571
630
665
630
573
751
622
1461
622
533
605
561
686
638
597
657
588
653
577
630
553
698
531
564
600
582
669
557
599
562
545
520
605
629
616
612
639
610
588
587
651
692
635
665
549
582
498
519
572
628
563
695
589
624
693
551
543
560
529
499
604
656
762
740
695
656
629
580
630
700
594
550
577
680
750
674
654
659
596
553
618
541
529
529
561
519
561
619
547
569
552
595
683
556
650
585
638
554
576
557
573
875
605
609
546
560
536
1210
1383
1408
1293
1470
1396
1588
1422
1296
1347
1225
1348
1308
1358
1459
2158
1691
1392
1413
1271
1211
1249
1172
1198
1293
1331
1053
887
1100
967
1562
1080
953
976
1041
991
956
954
924
1046
1197
1056
924
910
959
781
807
677
598
551
515
503
488
628
422
699
551
583
504
512
550
501
631
470
603
483
539
547
462
827
566
581
603
462
513
497
560
477
487
590
512
570
483
476
500
470
513
492
498
631
501
526
473
510
491
506
525
467
444
485
497
486
477
500
554
552
496
463
513
553
509
523
555
452
535
510
459
464
528
571
550
489
474
464
485
458
496
530
484
483
519
461
483
501
461
455
453
453
452
677
839
642
575
480
496
445
593
471
514
493
549
552
476
501
465
485
485
455
564
503
546
466
509
509
994
573
514
495
481
499
470
469
521
553
533
493
485
587
554
496
464
503
516
430
486
453
580
495
500
516
595
617
532
596
516
555
577
494
470
454
491
451
523
515
505
578
511
468
549
492
539
496
537
505
522
644
532
547
569
486
591
434
440
547
504
610
486
651
542
457
524
514
474
479
489
497
499
461
483
481
456
481
511
498
452
448
591
550
661
579
586
561
589
606
618
489
579
596
550
543
523
525
566
593
568
579
536
659
590
682
519
667
656
578
559
650
703
571
659
629
602
595
614
631
645
572
582
531
504
541
634
530
572
539
525
649
718
601
960
671
537
511
489
524
618
598
598
543
532
503
567
673
528
555
642
541
562
578
561
574
548
601
535
569
533
647
681
578
617
530
502
524
531
589
568
523
559
506
530
579
523
728
566
569
638
618
561
639
537
565
653
507
599
620
535
627
642
573
581
494
591
637
569
530
608
505
511
533
546
656
603
541
550
633
576
582
632
559
528
622
567
585
562
656
916
533
620
531
536
546
660
564
553
890
651
682
561
611
630
549
599
575
644
685
624
572
513
528
571
547
565
623
613
570
561
563
563
653
616
688
530
588
595
630
547
581
585
546
1038
561
1137
643
664
561
582
621
543
507
579
581
548
599
547
523
593
645
605
618
594
597
550
591
548
622
575
586
508
610
568
493
569
561
557
670
563
627
600
529
550
662
553
542
601
554
618
615
566
512
527
611
713
617
647
711
563
722
514
582
609
718
553
552
553
557
575
624
536
548
616
595
520
511
635
618
620
518
531
556
553
575
544
537
627
590
549
559
608
598
549
552
520
505
513
543
540
490
626
616
523
567
530
491
556
560
562
495
643
599
585
541
536
560
635
622
500
650
610
767
688
543
623
605
620
562
628
507
537
685
749
625
680
602
566
565
671
602
1065
621
569
641
549
562
544
500
523
949
637
520
524
570
551
569
517
528
610
574
569
536
547
520
549
534
531
616
542
595
595
545
575
635
615
592
599
535
564
511
624
585
627
577
527
602
561
554
620
521
516
514
563
593
592
612
549
658
535
558
566
570
574
551
582
527
540
580
603
602
540
594
504
477
608
571
553
551
548
570
550
595
683
527
618
586
585
613
524
636
539
569
562
627
538
563
532
588
583
597
553
620
548
568
564
578
610
554
577
584
480
505
577
562
555
550
592
514
530
538
536
522
573
581
612
492
544
667
548
527
622
602
523
540
550
954
612
567
626
521
561
588
574
563
527
532
595
586
537
506
590
603
587
605
607
620
543
527
557
536
555
517
583
566
630
682
568
563
572
520
550
589
527
526
617
512
610
563
597
658
613
604
627
596
592
509
501
605
631
543
586
522
598
551
632
548
582
523
501
594
580
561
665
561
571
561
545
609
559
522
501
515
584
569
657
630
628
539
519
526
481
592
516
562
616
558
617
828
591
535
552
690
598
555
564
567
580
563
617
508
470
470
500
536
601
546
612
528
502
582
588
575
657
502
543
626
579
524
571
627
573
536
596
575
604
523
545
1027
640
611
625
572
500
532
553
606
521
576
473
576
526
510
651
552
549
627
610
587
579
499
489
538
539
548
580
493
515
521
499
603
516
582
534
507
480
465
595
553
514
562
549
579
489
534
1264
1387
1316
1373
1302
1278
1286
1396
1361
1360
1261
1426
1383
1351
1386
1296
1289
1456
1590
1711
1801
1533
1150
1219
797
734
734
531
632
593
528
562
503
605
721
676
597
747
526
607
591
579
583
458
455
483
459
556
522
488
454
595
851
612
801
475
501
578
526
525
460
589
517
525
522
530
516
451
479
518
484
470
498
442
440
443
504
516
514
466
547
474
544
577
489
443
625
896
534
506
445
458
506
531
478
426
478
470
462
451
450
480
475
447
468
546
531
411
496
543
466
550
497
465
545
548
520
499
578
582
470
475
509
457
479
596
475
509
452
495
492
