611
2146
1951
1953
2172
1856
1689
1738
1535
428
646
1768
1832
1839
1349
1642
588
596
1640
1734
1548
1751
2068
1519
1044
1783
1248
620
1711
1750
1262
2063
563
1752
1813
599
1780
1854
1517
1719
532
1157
2252
1995
1749
1721
578
623
467
484
534
582
679
491
1723
1905
1607
1797
1552
1994
1725
519
968
1339
1861
1839
1867
1506
1890
1349
1856
1590
548
1843
1726
2500
1797
1783
1857
1933
1773
1865
1616
1734
1579
1810
1813
1795
1822
1926
1988
1767
684
1587
1592
1712
1804
594
1766
1851
1648
1838
1818
1829
1745
1861
790
1772
1758
1799
1836
1715
1747
1841
1754
1881
3269
1908
1852
553
1797
1776
1663
1872
1673
1656
1666
1734
1668
1861
551
1847
1758
1736
1714
1757
575
1703
1805
1791
1750
2016
1637
1808
1687
1893
1983
1858
1666
930
1863
1843
2465
1911
1771
936
1574
1732
1827
1613
1815
1665
1826
1629
1763
1819
538
1679
2025
1714
1888
1722
1784
1668
1733
1737
1781
1639
1861
642
1818
1765
1758
1925
1808
1734
1741
1724
1908
1742
1845
1783
1567
2020
1813
1883
760
1672
1935
698
1795
