22124
22022
21839
22181
22052
21995
22176
22013
22100
21900
21848
21906
21842
21928
22087
21954
21986
21942
22091
22091
21970
22107
22031
21691
21376
21644
21009
20886
21089
20919
20797
20796
21762
22148
21848
21457
21928
21302
21552
22204
21886
21849
21153
21250
22137
22090
21755
21666
21921
21843
21471
20990
21065
22126
22173
22203
21865
22183
22182
22199
22003
21905
21769
22179
21716
21598
21199
21878
22089
21988
21810
21935
22062
22151
22385
22329
22191
21877
21938
21895
21921
22063
22005
21356
21224
21138
21109
21154
21884
21818
21271
21118
21659
22989
22104
21384
21256
21493
21905
20915
21902
21425
21367
22137
21947
22023
21129
21194
22222
22002
22039
22291
21972
21687
21153
22258
21790
24622
21525
20948
20940
21354
21928
21900
21706
21673
21506
21846
21002
21192
21440
22236
22099
21961
21719
21777
21998
22117
21949
22005
21209
20906
21626
22057
22195
21614
21335
21325
21808
22058
21604
20994
21622
22051
21549
21269
21803
21984
21787
21386
21768
22060
21908
21178
21753
22079
22020
21741
22063
21948
21842
22006
22105
21565
21929
21599
22055
21564
21846
22239
22178
21478
21453
20986
21549
21114
21189
21906
21930
22075
21894
22139
21884
21526
21937
22203
21999
21860
21321
21794
21455
21898
21308
21242
21254
21228
21438
21923
21949
21859
21748
21753
21349
21891
22661
21615
21265
21513
22040
21806
21788
21753
21959
21959
21931
21646
21215
21020
21826
22029
21964
21412
21811
21428
21268
21887
22137
22171
21631
22107
22084
21475
21714
21812
21679
21862
22197
22149
21545
21490
21399
21943
21803
21244
22030
22022
21394
20832
21580
21834
21694
22080
21544
21331
21059
20829
21146
22462
22870
22101
21616
22005
21730
21348
21848
21569
21742
21197
22087
22035
21847
21520
22781
22937
21924
22089
21645
21524
22003
22044
21969
21646
21548
21188
20784
20751
21305
21994
22066
21446
21451
21606
21628
22040
21711
21605
21200
20862
21779
22027
21904
21212
21358
21634
21847
21137
21220
21881
22145
22225
22105
21947
21027
21547
21376
21871
21708
21867
22236
22172
21652
21008
21702
21553
22037
22012
22224
22148
22173
21594
21376
22026
21835
21898
21234
21425
21966
21807
21979
21439
21225
21177
21497
21870
22007
21838
21770
21577
22119
21514
21557
21181
21381
22071
22177
22083
21796
21847
21723
23189
22081
21851
21688
21289
21528
22206
22178
22121
21930
22199
21769
21578
21232
21609
21961
22032
21764
21802
21773
21816
21933
21328
21479
21829
21313
21938
21813
21849
22057
21955
22225
21944
21765
22111
22198
21563
22806
21677
21907
22134
21952
21559
21039
21139
21837
21411
21363
21798
21796
21535
21898
21875
21654
21176
21934
22060
21660
21905
21538
22015
21109
21256
21403
22153
21829
21367
21052
21786
21818
22608
21925
21856
21766
21813
21786
21165
21927
21700
21846
22169
21875
21840
22045
21721
21489
21162
20943
21371
22073
22089
22006
21469
21486
21976
21942
21796
21705
21385
21178
21844
21932
22011
21188
20997
21869
21747
21683
21406
21825
21858
21913
22177
21663
21210
21124
21344
22098
21943
22041
21865
22027
21781
21738
21709
21255
21356
21789
21904
21868
21741
21982
22027
21776
21352
21317
21069
22188
21538
21807
22137
21785
21357
21821
22200
21462
21857
22029
21726
21816
21616
21874
22261
21706
21858
21962
21684
21762
21267
21906
21727
21891
21816
22135
22139
21939
21995
21006
21790
21955
22046
21909
21810
22000
21279
21197
22280
21692
21731
20915
21029
21786
21834
21734
21129
21456
20914
21070
22011
21939
21712
21427
21886
21139
21849
22049
21802
21789
22008
22043
21096
20963
21304
21982
22009
21780
21965
21696
21805
21681
22232
21923
22126
21904
21494
21752
21459
21817
21812
21585
21511
21862
21718
21618
21273
21199
21898
21353
21260
22158
21798
21749
21670
21769
21306
21209
21299
21240
21910
21977
22175
22199
22119
21562
21554
21546
21930
22182
22053
21865
20981
21674
21827
21095
21339
22392
21832
20882
20905
20871
20956
20804
20948
20958
20981
20951
21768
21321
21334
21599
20990
20989
21054
21133
21098
21017
21110
21866
21535
21480
20940
20817
20975
21990
21472
22106
21893
21258
21016
21855
21347
21807
21648
21376
22012
22199
22013
21694
21966
21387
21966
21762
21555
22272
22153
21960
21883
21874
22032
21743
22134
21983
21975
21870
21890
22227
21389
21476
22292
22236
21206
21051
21099
21059
21089
21143
21013
21127
22024
22049
22328
21228
21744
21049
21252
21600
21253
21279
21702
22043
21401
21605
22086
22044
22044
21695
21541
21769
21926
22103
21422
21391
21775
21394
21314
21322
22040
22707
21207
20862
21712
22467
21600
21346
22581
22080
21973
22017
22292
21177
21441
21046
21732
22098
21925
22777
21514
21041
21382
22140
21442
22358
20859
21552
21926
21377
21374
22082
22080
22086
21895
21899
21688
21936
21970
21737
21572
21682
21559
21724
22006
22079
22021
22010
21815
22902
21594
20982
21854
22227
21867
21938
21952
22011
21864
21710
21700
21883
21486
22222
22122
21952
21213
21260
22064
22127
22064
22078
22051
21456
21138
21703
21895
22149
21534
21110
20870
20682
20754
21228
22202
21782
21561
21998
21585
21597
21548
21610
21228
21057
21631
22711
22143
21361
21290
21928
21629
22586
20885
21094
21845
21468
21281
21850
21412
21756
21202
21800
21764
23315
21281
22140
21180
20920
20983
20795
21750
22325
21878
22089
21836
21815
21720
21363
21886
21309
21288
21816
22094
22069
21346
22059
22242
21802
21524
21815
21366
21257
21805
21994
22086
21996
21742
21951
21952
22596
22696
21753
21410
21818
21002
21721
21634
21772
21547
22315
21928
22105
21773
21031
21848
22144
21699
21514
21651
22010
21531
21566
21031
21753
21330
22664
21548
21672
21706
21780
21552
21657
21581
21928
21858
21840
21249
21143
21683
22286
22126
22210
21840
21489
21613
21390
21694
22141
22271
21616
21225
21306
21252
21118
21323
21315
21814
21737
21937
21996
22007
21873
21714
22062
21244
21661
21541
22147
22266
22263
22043
22083
21452
21931
21454
22239
21991
22017
21889
21841
21216
21830
22054
22084
21268
21693
21332
22725
23002
21792
21291
21926
22095
22005
21077
21196
21992
21804
22021
22174
21965
21229
21298
21533
21783
21912
21477
22066
21857
21932
22475
21901
21862
21733
21847
21987
21178
21994
21753
21956
21888
21563
21632
21103
21758
21602
21703
21826
21699
22147
22155
22020
21768
21073
21123
22006
21993
21863
21337
21394
21829
21744
22204
22124
21622
21538
21894
21902
21214
21141
21691
21942
21970
21835
21584
20998
21015
21183
21787
21834
21940
21835
21971
21876
21483
21924
21904
22008
21757
22074
21969
21579
21137
21500
21507
21402
22050
22018
22001
21997
21954
21880
21896
21978
21726
21049
21226
21947
22008
21909
21849
21470
21763
21882
21939
22028
21822
21905
21406
21739
21621
21802
21877
21796
21829
22687
21686
21802
21921
21779
21889
21989
22112
21854
21881
22697
21741
21918
21935
21956
21852
22934
22109
21988
21770
21498
21561
21910
21884
21528
21797
21821
21900
22077
21961
21853
21630
22016
22082
21975
21810
21872
20915
21034
21184
21905
21882
21936
21238
21130
20937
21059
21586
21935
21813
21963
21986
21982
22050
21871
21660
22077
21513
21313
21135
21349
21845
21809
21976
21886
21908
21413
21152
21633
22101
21844
22559
22110
21969
21881
22027
21794
21237
21418
21810
21857
21336
21254
21151
21168
21565
21269
21872
21944
22012
22062
21965
21374
21230
21863
21857
21909
21922
22210
21925
21143
20942
21672
21948
21383
21302
21865
21867
21421
21490
21626
21823
21840
22020
21438
21728
21618
21412
21618
21285
21994
21897
21893
21767
21453
21079
21473
21727
21754
21870
21824
22828
22037
21992
22078
21589
21873
22145
21902
21489
21465
21642
21861
21889
21866
21197
21654
22024
21470
21766
21892
21972
22000
21823
22024
21503
21824
21777
21677
22568
22151
22039
22121
21929
22080
21857
21942
22031
21985
21765
21868
21492
22028
21772
23310
21922
21786
22055
22101
21729
21911
21944
21771
21521
21850
21474
21950
22129
21601
21737
21931
21978
21861
21815
21933
21966
21987
21872
21569
21792
21899
21586
21768
23143
22055
21894
21926
22117
21422
21669
22185
21876
21866
21661
21481
21968
22028
21507
21732
21977
21874
22140
21350
21300
21992
22129
21830
21648
21899
21739
21155
21418
22008
22005
21905
21866
22124
21823
21217
20993
21261
21941
21837
21830
21968
21815
21826
21995
21993
22093
21907
21562
21906
21263
21923
21859
21913
22020
21876
22010
22034
22049
21346
21551
22013
22089
21969
21882
21885
21388
21854
21843
21814
21984
21737
21839
21872
21692
21772
21572
21484
21562
22064
21894
21969
21963
21760
21504
21933
21890
21418
21390
21418
21647
21798
22915
21841
21481
21561
21861
21844
21730
21906
21918
21963
24750
22084
21988
21923
22009
21963
21921
21926
21414
21563
22039
21437
21716
21626
22019
21938
21868
21534
21679
21723
21329
21714
21476
21395
22099
21998
21700
21220
21757
21963
21943
21892
22091
21783
21502
21930
21817
21936
21868
21746
21477
21687
21957
21940
21828
22156
21804
21980
22100
21783
21838
21497
22005
21900
21725
21544
21467
21605
21898
21488
21232
21672
21524
21916
21869
21836
21876
22025
22066
21833
22052
21803
21699
21943
21922
21840
21364
22036
22007
22112
21904
21976
21742
21215
21219
21530
21834
21926
21475
21156
21210
21437
21513
21642
22001
21939
21846
22029
21918
21477
21828
22006
21937
21952
21787
21022
21550
21523
21881
21510
21893
21924
22036
21943
21465
21623
21839
21513
21412
21560
21815
21833
21808
21898
21417
21377
22405
21979
21844
24518
21769
21999
22008
21960
21850
21437
22096
21767
21544
21874
21216
21422
21889
21777
21392
21896
22000
21867
21805
21730
21845
21062
21129
21803
21986
21951
21497
21626
21469
21382
22022
21349
20843
21016
21418
21779
21972
22399
21881
21939
21653
21735
21626
21862
21772
21845
21859
22021
21921
21897
21969
21744
21501
21658
21523
21597
21635
21616
21632
21661
21502
21609
21550
22040
22133
22139
21933
22103
21530
21793
22190
21822
21835
21847
22046
22069
21738
21103
21209
21813
22017
21403
21149
20940
21336
21879
21928
21922
21583
21138
21817
22189
21870
21919
21459
21492
21534
21594
22034
21554
21352
21813
21581
21754
21721
21557
21869
21896
21990
21797
21694
21704
22034
21938
22084
21779
21894
21515
21244
21392
21956
21848
21731
21643
21357
21707
22014
22044
21745
21161
21336
21935
22066
22109
21713
22117
22289
21825
22040
22005
21979
21923
21463
21450
21377
21950
21866
21902
21944
21967
21855
21768
21765
22052
21752
21821
21405
21991
22055
22027
21964
21863
21996
21560
21388
21401
21922
21810
21893
22013
21423
21781
21971
21828
21636
21703
22031
21970
21508
21275
21444
21918
21866
22060
21874
21746
22059
21847
21632
21758
21872
21897
21861
21683
21411
21425
21355
21497
21769
21854
22070
22256
22066
21973
21886
21913
21701
21859
21523
21874
21657
21834
21609
21811
21536
21680
23002
21293
22057
22285
21893
21894
21838
21473
21423
21597
21784
22048
21920
21329
21209
21444
21932
21994
21886
21840
21999
21761
21355
21571
21446
21340
21345
21493
21689
21979
21866
21874
21953
21942
21975
21874
21921
21477
21962
21989
21934
21754
21859
21996
22051
22052
21981
23183
21828
22113
21836
22070
21976
21929
22050
21827
21823
21762
21471
20936
21507
21846
21801
22007
22011
21751
22039
21977
21885
21406
21785
21882
22081
21676
21239
21231
21934
21898
21887
21905
21725
21443
21887
21693
22034
21869
21672
21738
21487
21678
21888
21922
21847
22480
21670
21871
21933
22031
21872
21957
21969
21910
22024
21932
21958
21877
21860
21657
21109
21416
21839
21900
21895
21679
21310
20888
20765
21178
21262
21379
21430
21494
21916
21966
22017
21926
21513
21932
21725
21860
21960
21834
21463
21192
21829
21184
21785
22066
22042
21781
21508
21734
21201
21177
21342
21822
21823
21784
21807
21964
21828
21926
21620
20961
21135
21858
21707
21743
21344
21956
21708
21352
21328
21448
21741
22100
21873
21950
21873
21815
21662
21523
21600
21955
21568
21639
21910
21967
21858
21377
21543
21647
21622
21970
22003
22066
21872
22094
22053
22017
21482
21924
21933
21959
21971
22004
21928
21804
22085
22984
21743
22015
21676
21989
21665
21442
21930
21329
21395
21490
21824
21800
21966
21941
21578
21566
21873
21683
21435
22383
21981
21936
21985
21832
22642
21628
21413
21642
21908
21994
22024
21874
21785
21920
21893
21899
21800
21818
21956
22129
22027
22041
21997
22073
21930
21787
21938
21891
21839
21877
21895
21942
21354
21802
21477
21203
21698
21757
22112
22004
21958
21824
21936
21851
22081
21915
21346
21199
21451
22003
22117
22180
22182
21922
21834
21789
21457
21359
21979
21864
21890
21890
21998
22031
21672
21656
21831
21978
22027
21304
21774
21475
21917
21233
21240
21849
21911
22054
22041
21955
22309
21483
21448
21983
21756
21917
21863
21715
21346
21975
21962
21957
21545
21486
21541
22044
22019
21814
22008
22057
21883
21916
21839
21781
21903
21871
21635
21220
21222
21372
21870
21866
21588
21971
21885
21899
22645
21639
21430
21968
21909
21769
21835
21941
21914
21796
21537
21599
21916
22146
21950
21922
21738
21394
21874
21915
21638
21932
22011
21507
21432
21880
21958
22039
22070
21942
21999
21831
22050
21403
21236
21316
22367
22061
21877
21945
21935
21892
21823
21141
21135
22033
21974
21980
21855
21922
22416
21862
21929
21880
21952
22052
21897
21825
21243
21202
21436
22003
22007
21811
21839
21965
21494
21756
22598
21912
21616
21327
21934
21703
21563
21620
21542
21606
22033
21827
21224
21802
21496
21940
21942
21896
22004
21966
21866
21920
21931
21430
21672
21916
21881
21904
21791
21801
22018
21985
21400
21909
21723
21986
22012
22004
21861
21515
21330
21930
21829
22080
22168
22022
21370
22289
22033
21864
21872
21485
21148
21244
21191
21462
21790
21825
21922
21729
21989
21929
21201
21013
21290
22069
21877
22271
21828
21779
21423
21214
21870
21903
22004
22059
21980
21876
21942
21762
21451
21801
22048
21872
21959
21955
22179
21371
21039
21005
21318
21966
21813
21940
21837
21539
21921
21951
22089
23125
21995
21933
21919
21879
21541
21770
21980
22079
21985
22005
21918
22115
21976
21899
21138
21255
21796
21931
22128
22094
21946
21904
24442
21447
22011
21868
21919
21795
21986
21952
21798
21325
21295
22096
22032
21899
21792
21567
21978
21755
21416
21951
23108
21933
21875
21994
21906
21892
22046
21960
21933
21345
21734
22003
21995
21980
21848
21606
21822
21889
21890
21567
21188
21852
22056
22182
21846
21982
22000
21887
21644
21413
21865
22081
21717
21511
21653
21914
21477
21977
21903
21903
22088
21850
22177
21229
21540
21945
21544
21212
21804
21842
22139
21812
21596
22043
21880
21523
21131
21159
21343
22028
22153
21882
22890
21968
21837
21913
22065
22946
22060
21838
21800
21290
21381
21691
21851
21713
21932
21860
21854
21767
21899
22007
21816
21833
21817
21742
20997
22041
21997
21550
21409
21533
21734
22030
21939
21877
21788
21423
22003
21879
21918
22113
21648
21661
21162
21702
21903
22013
22046
21721
21711
21192
21178
21712
22164
21860
21892
22005
21937
21581
21257
21445
22022
21751
21378
21320
21261
21720
21954
21931
21793
22019
21909
21420
21849
21438
21836
21854
21851
21425
21349
21932
21474
21211
21782
21804
21753
21862
22036
21820
21751
21699
21970
22051
21935
21470
21596
21496
21542
21480
21713
21780
21852
21856
21939
21798
21851
21898
21466
21167
21399
21959
21842
21820
21931
21469
21077
21694
21963
21829
21924
21493
21653
21397
22088
21951
21916
21865
22046
22595
21956
21890
21984
21869
21923
21909
21753
21796
22035
22918
22367
22232
21965
22086
21873
22073
22027
21921
21396
21920
21988
21686
21834
21939
21985
21828
22232
21951
21862
21327
21391
21805
21907
21917
21847
22033
21864
22004
21814
21154
21218
21878
21967
21543
21249
21876
21930
21888
21894
21793
22051
21922
21965
21797
21872
21965
21853
21531
21703
21541
21505
21763
21980
21864
22082
21935
21964
21720
21761
21997
21921
21932
21595
21936
21756
21300
22094
21718
22015
21760
21662
21454
21251
21338
21869
21938
21986
21913
21724
21374
21313
21516
21800
21889
21859
22810
21564
21130
21268
22244
21998
22028
21475
21385
21322
21798
21791
22006
21973
21962
21978
21560
21533
21817
21875
21400
22048
21602
21904
21902
21774
21879
21908
21706
21504
21302
21803
21800
21728
21337
21763
21894
21862
21733
21394
21776
21846
21834
22628
22001
22047
21638
21691
21606
21517
21536
21459
21683
21963
21600
21564
21950
22122
21941
22075
21964
21818
21776
21620
21881
21846
21929
22045
21915
21905
21923
21362
21016
21110
21492
21435
21864
22057
21922
21587
21545
21617
21516
21446
21666
22061
22095
21957
21953
21890
21193
21183
21447
21762
21969
22060
21746
21743
21290
21849
21674
21688
21199
21385
21933
21901
21906
21875
22115
21567
21748
23507
22085
21935
21844
21470
21993
22009
21287
21655
21533
21869
21899
21937
21827
21956
22078
21326
21183
21864
21834
22300
21888
21854
21787
21905
21777
21391
21857
21390
21308
21817
21967
21816
21514
21432
21818
21509
21284
21875
21752
24830
21879
22010
21878
21899
21809
21377
21931
21820
21679
22036
21961
21951
21959
22025
21976
21753
21585
21387
21234
21409
21904
21797
22153
22468
21885
22172
21698
21785
22077
22078
21775
21884
21924
21947
21541
21853
21729
22041
22019
21208
22160
22019
22059
21891
21430
22002
21924
21605
21273
21585
21974
21835
21618
21848
21548
21980
22093
22079
21864
21984
21918
21654
21321
21981
22033
21587
21656
22034
22129
21981
21865
21592
21845
21721
21584
21785
21869
21767
21811
22103
22134
21820
21871
22070
22022
21779
21437
21245
21498
21872
22135
22026
22000
21872
21588
21677
22077
21977
21969
21906
21880
21948
21885
21887
21475
21943
21985
22102
21924
21860
21595
21733
21687
22024
21927
21909
21712
21222
21379
21898
21839
22016
22106
22478
22011
21955
21947
21947
21823
21779
21276
21861
21966
22076
21845
21966
21881
21477
21785
21703
22055
21746
21636
22024
21979
21656
21627
21944
22053
22113
21864
22589
21981
21824
21387
21256
21800
21862
21877
21928
22037
21884
22031
21871
21968
21818
21828
21899
21960
21995
21470
20853
20916
21119
21754
22446
21941
21603
21251
21908
21568
21135
21196
22125
22086
21831
21202
22088
21886
21911
21813
21564
21112
21866
21882
22637
21841
21747
21925
21427
21262
21874
21959
22176
21985
21934
23226
21726
21479
21930
21704
21595
21787
21918
21985
21489
21814
21481
21991
21874
21927
21994
21838
21514
21787
22129
22089
22083
21937
21916
21929
21852
21449
21265
21437
21830
22169
21886
21898
21785
23475
21266
21216
22030
21870
21191
21934
21800
21806
22133
21939
21631
21102
21260
21902
21318
21569
21222
21712
21512
21801
21623
21906
21784
22052
22042
22058
22053
21911
21954
22173
21831
21388
22049
21727
21106
20896
21256
21932
21718
21522
21738
21653
21792
21517
21632
21856
21977
22126
22051
21867
21785
21544
21827
21912
21913
22104
22001
21947
22050
22099
22114
21900
21865
21814
21746
21797
22097
21890
21916
22063
22002
21973
22133
22068
22065
21920
21849
21915
22102
21642
21917
22075
22030
21902
21861
21796
21992
21371
21362
21860
22151
21872
21590
21664
21593
21174
21526
21871
21878
21983
21983
21944
21959
22012
21901
22133
22065
21964
21962
21500
21663
22054
21819
21707
21542
21579
22064
21773
21202
21687
21964
21817
22024
21898
21671
21909
22063
22099
21989
21961
24502
21293
22004
21929
21870
21664
21554
21117
21373
22024
21891
21830
21868
21965
21797
22113
21992
21983
21828
21930
22541
21858
21797
21454
22055
21996
22014
21386
21902
21674
21487
21670
21825
21909
21872
22101
21332
21276
21856
21749
20911
21085
21779
21974
21793
21221
21723
21987
22180
21876
21884
21423
21341
21821
21901
21928
21516
21773
21502
21816
21918
21652
21489
21434
21463
21438
21622
22001
21864
21942
22286
21748
21356
21866
21864
21885
22721
21978
21963
22233
21531
21882
22068
22012
21966
21964
21969
21761
21261
21263
21533
22033
21832
22075
21836
21930
21978
22085
21865
21943
21915
21875
21679
21737
22051
21886
21999
21945
21494
21761
22029
22007
23163
21924
21727
21875
21946
21901
21986
22004
21866
21874
21874
21793
21350
21885
21970
21957
21785
21832
21199
21181
21211
21358
21921
21872
21940
21922
21979
21799
21500
21488
21634
22053
21948
21848
21941
21874
21898
21957
21968
21815
22017
21999
21830
21780
21514
21287
21371
21955
22007
21733
21814
21878
21860
21952
21666
21777
21264
21324
22124
22070
24695
22053
21970
21749
21976
22017
21880
21084
21636
21749
21476
21845
21817
21911
21725
21658
21913
22106
22024
21764
21376
21493
21904
21489
21202
21407
21280
22014
21599
21206
21315
21688
21870
22159
21789
21787
21856
21990
21700
21865
23227
21978
22039
22106
21995
21823
21617
20917
21008
21316
22073
21861
22009
21940
21752
21733
21374
21398
21736
21535
21590
21861
22575
21374
21078
21080
21259
21699
21904
22080
21497
21783
21825
22212
21752
21292
21312
21944
22021
21982
22121
22166
22176
22074
22016
21858
21999
21931
22021
22768
22025
22054
21984
21525
21963
21886
21816
21596
21519
21591
21199
21163
21413
21924
21853
21978
22359
22119
21969
23088
22035
21968
21832
21446
21769
21552
21325
21845
21967
21986
21874
21899
21290
21508
21998
21620
21449
21935
21707
21329
21206
21328
21978
21968
22107
22064
22180
22061
21549
21929
21483
21481
22160
21926
22043
21941
21839
21931
21870
21958
22409
21683
21191
21213
21497
21887
22035
22084
21840
21785
21377
21752
21966
21136
21319
21406
21921
21824
21932
21961
21970
22003
21745
22068
22541
22155
22001
21910
21754
21789
21839
21831
21916
21862
21994
21878
21943
21909
21850
21871
22080
21801
21855
21664
21861
21750
21942
22062
21948
21830
21834
22014
21612
21566
22013
22011
21926
21591
21966
21715
21566
21801
22028
22054
21806
21575
21661
22012
22030
21914
21888
22134
21154
21087
21931
21832
21352
21903
21516
21236
21844
21757
22025
21936
21808
22010
21536
21555
21797
21767
21459
21411
21417
21507
21995
21900
21901
21580
21203
21525
22133
22878
21728
22400
21809
21838
22000
21951
21978
21935
21953
21895
21938
24058
22109
21897
22104
21476
21053
21623
21650
21967
22033
22170
21808
21391
21868
21879
22121
21886
21846
21441
21410
21433
21507
21520
21859
21839
21497
21164
21651
22087
22073
22039
21850
22050
21935
21885
21609
21303
21778
22102
22000
21923
21626
21107
21359
21866
22615
22036
22123
21694
21407
21251
21700
21954
21729
22007
21874
21715
21896
22077
21965
22001
21952
22031
22024
22092
21662
21490
21985
21864
21896
21976
22083
22165
21923
22179
21948
21864
21904
21576
21978
21936
21961
22071
22047
22035
22093
21928
21026
21096
21749
22157
22071
21528
21322
21157
21284
21899
21813
21787
21099
21271
21806
21928
21810
21783
22269
21495
22165
22012
22112
22046
21936
21772
21540
21902
21955
21829
21929
21849
21090
21072
21708
22005
21934
21966
21536
21601
21449
21581
21374
21818
21933
21792
21897
22177
22033
22417
21916
21576
21956
21811
21864
22095
22167
21760
21404
21900
21873
21966
21837
21956
21448
21945
21984
21976
21113
20890
20899
20931
21790
22066
21131
20932
20874
20959
20864
20836
21094
22012
22101
21853
20961
20927
21689
22040
21521
20960
20879
20913
20941
21692
22790
21644
22212
22128
21803
21139
21077
21770
22053
21158
21806
21313
20968
20998
21660
21818
21405
22022
22030
21814
21779
21448
21497
21645
21939
21938
22085
21930
21910
21909
21540
21494
21661
21557
21631
21196
20752
21338
21583
21654
21670
21224
21491
21823
21931
22995
21662
21297
21251
22207
22017
21853
21484
21993
21549
20871
20843
20762
21075
21871
21883
21928
22575
21214
21045
21140
20779
20745
20811
21651
22027
21823
21923
21783
21827
21877
21982
21896
21869
21722
21888
21913
22750
21883
22067
21845
21650
21686
21946
21912
21886
21887
21368
21241
22018
21944
21828
21936
21545
21580
21864
21976
21009
20793
20768
21698
21910
21956
22045
21833
22043
21846
21848
21131
21582
21846
22001
21906
21705
21555
21765
21961
21881
22124
21850
21630
21874
21953
22185
21880
22042
22084
22485
21965
21858
21013
20831
21029
20789
20857
21547
22127
22041
21822
21893
21874
21961
21943
21330
20945
20887
21590
22016
22122
21583
22029
21768
21261
21229
21831
21910
21857
21838
21686
21137
21598
22100
21968
21919
22046
21064
20763
20791
20784
21382
21619
21812
21847
21641
21843
21893
21262
21361
21968
22018
21594
22387
22060
21861
21952
21926
21878
22013
22019
21886
21786
21903
21733
21852
22138
22127
21832
21959
21966
21976
22014
22024
21909
21934
22061
21802
21042
20888
20768
20792
20801
21540
21830
22087
22106
21809
21827
21885
21651
20924
21623
21794
22107
22072
22075
21420
20799
20793
20810
21495
21900
22049
21840
21212
20787
21140
21047
20800
20755
20877
21550
22119
21996
21971
21923
21690
21827
22061
21384
21288
22137
21861
21369
22106
21753
21640
21063
21172
22088
22160
21479
21475
20906
21145
22042
21666
21129
21411
21179
20976
20962
20847
22173
21981
21227
21941
21918
22015
22078
21255
20936
21664
22047
21355
20925
21575
21922
21940
22037
21931
22030
21979
21938
21149
21000
21291
21988
21702
21795
22042
21991
22051
22088
22059
21923
21896
22053
21813
21958
21954
21956
22037
21711
21224
21500
21974
21931
21730
21728
21886
21870
21950
22049
21564
21179
21814
21717
21250
21792
21403
21797
21512
21550
21568
22060
21966
22116
21802
22100
21991
21911
21924
21804
21424
21661
22479
21772
21412
21903
22077
22016
21918
22050
21616
21235
21730
21213
20857
20774
21588
21684
20981
21226
21922
21994
21579
20956
21092
21812
21558
21861
21428
21614
20930
21704
22248
22119
21467
21241
21496
21059
21356
22149
22096
21169
21625
21820
21057
21563
21682
21310
21389
21775
20915
21169
21622
21424
21235
21688
21695
22076
21892
21040
20951
20894
20933
21347
20953
21046
20988
21866
21887
22000
22287
21948
21992
21577
21722
21886
22001
21925
21953
21905
22149
21873
24216
22306
21396
22008
21892
21300
21150
20823
20989
20808
20933
20733
20720
20808
20796
21682
21864
21822
21995
21997
21839
21848
21462
21823
21964
21497
21699
21968
21780
21860
21713
21165
21008
21367
22137
22029
21799
21068
20992
20811
21108
21175
20777
13271
11720
11677
11806
11724
11212
12241
11708
11686
11830
11882
11949
11564
11057
10784
10760
10841
11616
11778
11736
11784
10975
10783
10619
10549
10567
10716
10625
10603
10902
11653
11713
11483
10957
10726
10762
11021
11610
11409
11105
10643
10605
10609
10954
11714
11686
11710
12142
11564
11678
11439
11033
11373
11403
11646
11712
11428
11215
10952
11772
12281
11779
11665
11844
11201
11097
11339
10942
10919
10824
10910
11047
11744
11842
11780
11277
11713
11625
11716
11707
11633
11705
11829
11786
11076
10923
10895
10880
11000
11729
11720
11996
11534
10911
11114
11939
11632
11271
10715
10720
10922
11707
11601
10923
11234
11645
11223
11147
11045
11132
11560
11203
11037
11112
11879
11447
12434
12004
11707
11496
11247
11002
11190
11647
11633
11876
11492
11376
11004
10748
10883
10713
10712
10796
11049
11769
11759
11798
11709
11834
11764
11662
11439
11323
10798
10814
11037
11642
11535
11078
11283
11553
11172
11027
11121
11747
11829
12033
11838
11818
11501
10929
11129
11185
11542
11004
10909
14697
11797
11746
11587
11593
11922
11650
10917
10751
11169
11869
11341
10723
11064
11626
11543
11256
11408
11632
11624
11100
10940
10692
10621
10671
10666
10799
10611
10623
10885
11597
11662
11506
11314
11520
11290
10884
10819
10775
10641
10648
10853
11655
11179
10749
10671
10748
10940
10948
10734
11023
11623
11722
12013
11771
11298
10776
10789
10782
10743
10837
11184
11591
11598
11743
11723
11655
11484
11057
11760
11536
11576
11669
11551
11617
11603
11665
11053
10869
10692
10518
10654
10601
10737
10612
10616
10946
10589
10557
10623
10832
11619
11672
11247
11562
11915
11703
11799
11978
11854
11856
11764
11879
11794
11569
10848
10773
10719
10972
11771
11685
11916
11733
11370
10819
10799
11056
11723
11521
10854
10802
10897
11680
11163
11091
11830
11130
10750
11082
11799
11615
11192
11017
10773
10724
10889
11595
11744
11742
11637
11435
11278
11245
11229
11977
11877
11306
11327
11270
11375
11991
11863
11539
12628
11196
11039
11713
12931
11902
12813
11999
11853
11708
11658
11693
11842
11409
11517
11912
11595
11531
11352
11007
11263
11967
11735
11166
11872
11739
11005
11003
11669
11684
11623
11507
11811
11750
11627
11723
11317
11656
11992
11867
11957
11663
10878
10852
10846
10830
10922
10800
10762
11176
11961
11860
11777
11836
11551
11085
10779
10761
10987
11588
11263
10845
10701
10890
11556
11579
11537
11122
10754
10801
10818
10861
10923
10880
10836
10983
10893
10921
11000
11064
11052
10939
11230
11665
11665
11409
11678
12157
11662
11756
11713
11769
11686
11873
11613
10931
11079
11666
11770
11474
11349
11297
10830
10819
11039
11769
11902
11824
11731
11446
10902
10713
11019
11625
11851
11660
11628
11523
11534
10989
10709
10726
10712
10874
11054
11555
11448
10930
10739
10657
10627
10709
10829
11403
11451
11464
11523
11691
12523
11936
11630
11143
11053
11465
11066
11401
11675
11568
11641
11671
11855
11219
10969
10835
10738
11656
11758
11412
11082
10683
10627
10861
10609
10912
11638
11932
11520
11149
11354
11348
11442
11384
11465
11629
11676
11726
11886
11879
11579
10926
10828
10594
10638
10732
10622
10636
10577
10945
11647
11755
11682
11701
11631
11606
11128
11625
11075
10972
11013
11654
11626
13065
11450
11289
11680
11035
11064
11946
11672
11647
12887
11822
11592
11914
11085
11149
11763
11589
10948
10971
11172
11108
11207
10911
10897
11194
11753
11709
11678
11888
11666
11718
11985
11782
10948
10854
11096
11022
11419
11293
10978
11015
11664
11806
11861
11675
11559
11389
11702
11644
11321
11263
11365
11429
11282
11171
11161
11217
11186
11140
11658
11280
10745
10921
11708
11555
11634
11687
11785
11832
11734
11760
11143
11539
11268
11186
10906
11019
13010
11829
11708
11616
11804
11828
11658
11877
11317
11247
11710
11594
11872
11692
11599
11594
11987
11988
11659
11572
11153
10955
11027
11114
11009
10972
11012
11130
11306
11235
11161
11539
11206
11360
11196
11113
10841
10993
10655
10677
10814
11442
10973
10967
11158
11597
11123
10789
10592
10636
10575
10737
10887
11133
11235
11136
11336
11335
11163
10987
10968
10888
10917
10945
11297
11598
11872
11480
10970
10990
10947
11004
10921
11057
10944
11252
11772
11732
11765
11668
11681
11650
11793
11672
11042
11216
11640
11483
11187
11591
11701
11243
10833
10861
11159
11585
11226
11577
11526
11632
11677
11624
11186
10992
10912
11420
11166
11441
11924
11793
11869
11837
11867
11686
11580
11553
11172
11558
11471
11571
11542
11160
10979
10873
11117
12599
11943
11598
11998
11583
11667
11770
11684
11723
11576
10947
11032
11873
11196
10755
10801
11017
11508
11642
11801
11727
11669
10870
10678
10726
10701
11041
11735
11690
11710
11617
11626
11864
11612
11695
11603
11186
10795
10892
10794
11135
11850
11633
11693
11467
10873
10789
11008
11789
11999
11650
11706
11707
11183
10889
10751
10740
10826
10811
10817
11025
10946
11033
10907
10874
11044
11426
11717
11654
11815
11725
11827
11328
11954
11559
11252
11245
11639
11703
11683
11529
11828
11690
11168
10843
10880
10873
10874
10793
10860
10877
10839
10818
10940
10790
10788
10918
10820
10902
10886
10831
10876
11028
11395
10976
11080
12341
11768
11824
11762
11672
11497
11183
10903
10912
10841
11015
10970
10830
10851
11216
11924
11504
10948
10582
10599
10922
11648
11632
11608
11092
10838
11300
10819
11053
11450
11631
11696
11569
11582
11586
11706
11701
12373
11919
11649
11032
11740
11813
11346
11230
11184
11123
11328
11342
11385
11367
11468
11545
11891
11716
11359
11687
11775
11587
11647
11503
11631
11320
11013
11521
11619
12008
11953
11634
11196
10990
11314
11408
11660
11971
11499
10932
11005
11006
10981
11285
11622
11612
11165
10701
10740
10847
10763
10987
11013
11383
11730
11747
11856
11506
10887
10787
11105
11578
11853
11833
11507
11630
12832
10786
10593
10627
10619
10913
11583
11633
11706
11423
11183
11830
11643
11691
11569
11388
10950
11036
10993
11026
11161
11481
11024
10889
11404
11637
11628
11598
11073
10743
11004
10781
10737
10726
11014
11578
11682
11692
11443
11649
11726
11927
11839
11087
10794
10675
10638
10598
10706
10988
11681
11730
11687
11740
11197
11725
12123
11709
11734
11849
11463
10779
10755
11755
11525
11002
11135
10859
10835
10836
10955
11279
11567
11726
11604
11814
11520
11068
10838
10782
10730
10747
10783
11084
11021
11204
11293
11259
11311
11309
11345
11276
11191
11062
11045
11133
11666
11883
11136
11049
10598
11020
11621
11565
11641
11701
11669
11576
11705
11754
11743
11850
11492
10885
10812
10610
10487
10908
11791
11682
11762
11339
10805
10997
11650
11623
11186
10831
10759
10778
10737
10714
10836
10773
10723
10721
10810
10771
10745
11115
11611
11706
11724
11070
11069
11708
11681
11653
11572
11382
11372
11415
11330
11703
11231
11579
11299
11029
10794
10858
10986
11566
11253
11201
10729
10927
11673
11729
11625
11496
11769
11310
11296
11720
11565
11650
11432
11056
10980
10999
11147
11607
11691
11375
11526
11493
11504
11495
11504
11955
11095
10854
11090
11616
11164
11552
11140
11655
11891
11676
11694
11745
11536
10923
10864
11055
11469
11802
10967
11624
11664
11722
11712
11241
10970
11051
11339
11769
11869
10995
10884
10996
11416
11603
11556
11187
10834
10786
11115
11665
11213
11559
11724
11680
11979
11682
11722
11645
11731
11599
11695
11537
11145
11522
11452
10968
10877
10880
10861
10901
10834
10869
10875
11006
10832
10800
10939
10867
10863
10870
10915
10818
10813
10783
10911
10847
10871
10893
10897
10843
10858
10831
10874
11092
11753
11722
11220
11654
11608
11163
10979
11220
11310
11680
11575
11832
11711
11329
11342
11328
11671
12086
11696
11646
11748
11701
11745
11773
11400
11033
11487
11505
11523
11667
11339
11004
10971
10993
11012
11465
11657
11678
11615
11586
11674
11137
11128
11256
11188
10812
10685
11038
12795
11759
11475
10847
10822
11052
11617
11775
11395
11146
11720
11756
11763
11778
11796
11429
10829
11049
11495
11403
11575
11663
11735
11710
11540
11706
11548
11374
11862
11725
11181
11087
11721
11877
11874
12596
11915
11683
11964
11734
11755
11860
11703
11624
11586
11748
11752
11745
11763
11720
11381
11168
11295
11242
11058
10766
10897
11865
11524
11418
11481
11696
11692
11722
11891
11751
11655
11536
11336
11648
11823
13860
13847
11871
11718
11573
11628
11778
11379
10841
11124
11620
11833
11651
11696
11858
10943
10938
11566
11852
11156
10936
10831
11055
11694
11725
11764
11603
11475
11849
11567
11668
11337
11243
11307
11451
11401
11218
11724
11732
11280
11222
11167
11613
11850
11419
11188
11002
11161
11659
12434
11723
12037
10907
10983
11620
11736
11666
11788
12708
11497
11450
10955
11039
11250
11598
11561
11823
11248
10865
10812
10767
10960
11795
11633
11054
11605
11566
11702
11700
11633
11759
11998
11905
11350
10807
10858
10703
10768
10775
10725
10975
10909
10949
11064
10954
10979
10905
10991
11114
11713
11647
11665
11671
11653
11525
11045
10801
10673
10935
11560
11857
11961
11772
11745
11577
10936
11091
11737
11753
11836
11184
10820
10848
10783
10888
10926
10820
10871
10873
11111
11489
11157
10741
11034
11583
11637
11567
11254
10829
11293
10872
10808
10962
10861
11275
10833
10871
10864
11154
11525
11112
10943
10966
11242
11692
11896
11508
11171
11043
11051
11289
11671
11704
11711
11731
11769
11701
11835
11715
11665
11734
11124
10753
10815
10738
10822
10782
10827
10745
10876
10774
11618
11524
10976
11037
11650
11596
11624
11496
10750
10753
11084
11669
12546
11777
11963
11583
11536
11949
11523
11430
10863
10833
10790
10991
11621
11595
11119
10833
10667
10661
10703
10980
11688
11842
11672
11599
11078
11467
11683
11724
11534
11407
11392
11285
11322
11393
11807
11620
10998
11359
11242
11229
11432
11345
11436
11437
11457
11240
10886
10858
10946
10859
10926
10814
11014
10836
10827
10838
11462
10887
10852
10975
10915
10863
10784
10906
11050
11619
11731
11735
11909
11600
11735
11611
11533
10804
10888
11046
10848
11078
11633
11689
11753
11488
11241
10679
10684
10732
11061
11551
11032
10770
10921
11842
14444
11627
11907
11547
11007
10799
10782
10743
10822
10766
10815
10911
10958
10975
10901
11018
10972
10863
11002
11300
11980
11743
11963
11765
11199
11075
11068
11016
11039
11218
11429
10947
11045
10948
10994
11115
11775
11634
11462
11276
11275
11436
12645
11643
11652
11686
11016
10679
10650
10994
11958
11794
11840
11738
11793
11476
11567
11756
11464
10867
10740
10705
10764
10963
11724
12337
11620
11149
11605
11578
11608
11658
11653
11666
11324
10811
10692
10701
11040
11805
12202
10800
10772
11197
11864
11466
11158
11702
11693
11740
11584
10888
10964
11599
11570
11147
11529
11601
11647
11469
11022
11221
11695
11429
11122
11181
10892
10987
10927
11000
10967
10904
10866
10969
10835
11201
11517
11269
11035
11219
11694
11715
11929
11951
10764
10720
11029
11671
11770
11586
11797
11952
11676
11523
10743
10729
10774
10778
10964
11642
11285
11772
11698
11543
11644
11400
10953
10789
10864
11544
11705
11718
11677
11564
11756
11794
11404
11369
11167
11595
11175
11157
11056
11629
11586
11517
11042
10938
10747
10765
10749
11065
11660
11849
12757
11954
11807
11652
11969
11598
11137
11165
11786
10992
11473
11354
11464
11644
11686
11471
10834
10933
10669
10679
10760
10735
10943
11406
11739
11695
11619
11514
11138
11229
11004
11054
11773
11644
11688
11578
11622
11710
11201
11055
10857
10883
10889
10879
10902
10901
10918
10851
10939
10883
10972
10978
10911
11044
10953
10955
10964
10884
10917
10937
11305
11782
11005
10881
10822
10744
10791
10779
10734
11019
11687
11554
10890
10748
11115
11761
11961
11772
11343
11692
12880
11715
11734
11576
10816
10768
10778
10739
10784
11042
11711
12129
11244
10819
11058
11677
11709
11401
10927
10957
11517
11257
10983
10944
11209
11787
11752
11314
10768
11082
11702
11821
11647
11785
11575
11371
11647
11676
11654
10997
10859
10724
10692
10964
10842
10786
10879
10734
10811
10739
10832
10745
11352
11256
11699
11746
11588
11579
11456
10857
11072
11914
11825
11615
11756
11110
10959
11889
10827
10855
10679
10705
11629
11683
11630
11914
11383
11457
11332
11400
11533
11220
10829
10731
10644
10977
11741
11786
11861
11679
11781
11772
11524
10936
10855
10918
10920
10883
10816
10950
10860
11077
11585
11247
11697
11745
11803
11591
11772
11655
11621
11231
11287
11409
10859
10868
10885
10819
10873
10806
11198
10837
11169
11742
11821
11461
11113
11140
11017
10991
10973
10965
11165
11636
11523
11204
10881
10862
11204
11195
10866
10801
10793
10783
10830
10983
11704
11616
12571
11635
11664
11777
11752
11691
11679
11182
11052
11078
11026
11073
11091
11059
10970
10989
10953
11078
10952
11005
11146
10967
11024
11011
11049
11088
11069
11077
11022
11267
11838
11639
11597
11774
11803
11740
11697
12748
11677
11311
11430
11225
10841
10779
11000
11695
11821
11727
11744
11723
11739
11547
11476
10967
11019
10928
10987
11188
11664
11652
11803
11625
11586
11631
10877
10721
10691
10658
11054
11759
11731
11787
11509
11787
11835
11602
10848
10745
10739
10696
11016
12518
11685
11579
11131
10820
10969
11608
11601
12344
10994
10990
11662
11649
11780
11534
11665
11471
11228
11760
11640
11361
11231
11418
11738
11148
10842
10949
11744
11756
11842
11817
11680
10849
10734
11028
11919
11652
11145
10882
11076
11719
11611
11645
11431
10780
10961
11557
10973
10746
10765
10826
11090
11604
11760
11777
11852
11907
11681
11668
11949
11852
10998
10897
11262
11655
11636
11513
10950
11071
11516
11058
11341
11434
11317
11036
10805
10717
11036
11720
12504
11837
11623
11698
11688
11555
11145
11112
11638
11641
11695
11464
11760
11931
11834
11511
11251
11215
11271
11384
11111
11098
11054
10972
11305
11797
11469
11469
11382
11427
11830
11961
11520
10936
10744
11046
12015
12004
11400
11025
11629
11688
11625
11720
11662
11666
11493
11200
11699
11719
11437
10865
10730
10766
10769
10686
10730
10809
10823
10984
10814
11119
11636
11408
11221
10818
11110
11600
11655
11404
10960
10773
10724
10738
11178
11043
11805
11500
11640
11715
12096
11300
11624
11602
10918
10714
10707
10634
10964
11701
11989
11633
11186
11375
11359
11317
11430
11404
11339
11709
11587
11809
11585
11771
11732
11849
11523
11802
11600
11181
11405
11216
11276
10904
10834
10858
10866
11107
11565
11272
10775
10967
11479
11582
11822
11796
11629
11189
10784
11060
11584
11311
11291
11245
11351
11634
12871
11651
11595
11365
11595
11682
11612
11209
10951
11586
11008
10921
10865
10906
10925
10933
10863
10966
11284
11520
11353
11340
11358
11327
13088
11182
11628
11920
11684
11470
11200
10835
10744
10698
10738
10789
10780
11041
11599
11715
11563
11104
11781
11510
10924
10674
10698
10629
10664
10646
10638
11235
11677
11661
11353
10986
11124
11395
11324
11501
11322
11276
11109
10828
10867
10928
10994
11016
11025
11011
11039
10975
11028
11099
11073
11071
10997
10935
11079
11061
11172
10912
11029
11011
11002
11050
11007
10809
10870
11083
11766
11686
11605
11646
11626
11760
11668
11944
11864
12501
11584
11852
11624
11342
11298
11918
11810
11457
11213
11430
11223
11331
11624
11782
11686
11718
11414
10869
10752
10724
10772
11120
11594
11632
10953
10976
11704
11596
11487
11519
11253
10981
10724
10916
11517
10915
10774
10769
10759
10797
10741
10803
11272
10893
10981
11193
11905
11553
11142
11156
11807
11684
11426
11189
11875
11469
11099
11701
11521
11027
11510
11141
11623
11705
10955
10718
10945
11538
11818
13082
11725
11870
11553
11310
11542
11672
10775
10974
11641
11975
11798
11743
11760
11779
11719
12721
11611
11236
12905
11124
11339
11393
11353
11290
11481
11376
11426
11320
11271
11021
10678
10844
11684
11737
11168
10779
10591
10725
10710
10696
10700
10842
10863
10889
10915
10927
11211
11605
11205
11163
11643
11580
11763
12378
11577
11558
10978
12387
11330
11403
11308
11465
11408
11332
11499
11501
11445
11067
11699
11677
11761
11520
11345
11197
11229
11023
11726
11969
11811
11725
11591
10981
10957
11206
11078
11751
11759
11553
11115
11056
11780
11747
11610
11629
11434
11815
11425
11063
10693
10797
11084
11697
11695
12507
12030
11308
11738
11551
11661
12006
11825
11632
11689
11650
11671
11603
11702
11248
11312
11223
11295
10963
10776
10661
10901
11739
12887
11358
11018
11797
11827
11722
11723
11890
11629
11527
11051
10983
11149
11145
11797
11726
11653
11607
11772
11445
11113
11723
11832
11706
10964
10978
11623
11912
11782
11500
10962
10803
10750
10724
10700
10750
10840
10789
10767
11112
11558
11597
11206
10937
11813
11836
11627
11587
11606
11677
11650
11638
11674
11832
11144
10832
10915
11065
11799
11630
11157
10852
10901
10843
10867
11034
11680
11826
11569
11578
11554
11800
11976
10854
10959
10822
10954
10834
10886
10894
10922
10853
11151
11680
11680
11712
11629
11312
11189
11216
11118
10899
10711
10777
11147
10948
11617
11691
11628
11774
11655
11563
11024
11197
11851
11501
11125
11012
10969
10969
11074
11646
11619
12667
11928
11687
11501
11286
11632
11275
11132
11777
11695
11754
11744
11794
11878
11665
11242
10907
10707
10772
10735
10834
10984
11585
11792
10956
10845
11053
11770
11792
11639
11639
11720
10945
10691
10785
10736
11170
10759
10790
10780
10732
10841
11031
11738
11346
11100
11178
11619
11740
11591
11733
11546
11140
11605
11090
10803
10885
11539
11559
11599
12050
11700
11321
11192
11499
11481
11630
11527
11507
11527
11102
10946
10835
11102
11669
11749
11727
11752
11779
11019
10893
11080
11539
11529
11498
11177
11531
11656
10742
11024
11727
11729
11518
11072
10786
10793
10933
11702
11842
11796
11736
11711
11599
11578
11541
10874
10791
10862
10702
11024
12474
11840
11778
11608
11592
11501
10958
10748
11041
11841
11923
11336
10940
10595
10624
10949
11577
11477
11054
11123
11692
12714
11659
11693
11624
11701
11153
10819
10907
11647
11612
11014
10784
10702
10665
10759
10957
11584
11682
11538
10942
11061
11586
11634
11574
11840
11158
10866
10709
10915
11522
11262
11296
11174
11337
11343
11133
11318
11187
11383
11488
11861
11904
11465
11219
11351
11841
11505
11108
10787
10746
10663
10730
10910
11139
11218
11146
11143
11110
11134
11069
10854
10787
10843
10791
10832
10750
10960
11696
11666
11737
11652
11669
11481
11744
11139
10835
10731
11042
11702
11789
12877
11578
11568
11475
11025
11039
11409
11091
10726
10689
10711
10942
11659
11739
11730
11851
10909
10762
10736
10772
10765
10718
11051
11629
11676
11730
11651
11709
11889
11404
10966
10852
10840
11092
11529
11386
11407
11360
11723
11788
11802
11956
11731
11161
11013
11049
10948
11100
11026
11094
10932
10978
10831
10979
10808
10959
11628
11782
11742
11446
11363
11728
11924
11834
11317
11724
11682
11030
11137
11049
10922
11011
10955
10964
11155
11045
11024
11016
11081
11040
11030
10859
10847
10864
11171
11694
11671
11048
10841
10994
11625
11896
11771
11753
11043
11002
10816
10818
10724
10692
10741
10752
10707
11102
11680
11462
10769
10658
10613
10631
10601
10982
11784
11642
11734
11506
11217
10741
11083
11732
10903
11005
11739
11501
11682
11709
11729
12661
11415
11129
11578
11165
11304
11239
11497
11348
11932
11455
11661
11675
11539
11595
11431
11077
11051
11090
11040
11028
10960
11187
11243
11624
11734
11384
11627
11681
11606
11369
11129
11337
11458
11641
11087
11610
11767
11593
11183
11114
11414
11610
11115
11044
10823
10802
10681
10719
10667
10652
10605
10915
11631
11890
11880
11746
12488
11962
11730
11619
11004
10771
11048
11635
11111
11087
10968
11106
11602
11513
11179
10845
10831
10820
10810
11267
14346
11831
11681
12308
11736
11667
11577
11837
11732
11863
11787
11460
11223
10955
11157
11698
12002
11647
11203
10955
10845
10780
10731
10603
10864
11510
11775
11631
11414
10996
10842
10786
10878
11088
10878
10912
11089
11973
11600
11578
11085
11514
11798
11973
11664
11222
11226
11648
11338
10974
11749
11897
11848
11725
11256
10778
10773
10954
11694
12426
11692
11787
11840
11506
10863
10951
10928
10937
10911
10906
10908
10848
10933
10942
10831
10844
10913
10969
10964
11531
11255
12389
12360
11630
11593
11012
10769
11082
11437
11247
11477
10986
10819
11073
11703
11691
11637
11648
11680
11504
10933
10767
10741
11049
11647
11760
11700
11429
11237
11533
11610
11264
10738
10663
10678
10806
10723
11404
11677
11713
11748
11713
11603
11734
11629
11849
11549
11200
10874
10830
11091
11758
11357
11226
11293
11337
11524
11593
11648
11716
11224
11537
11351
11400
11510
10990
10696
10754
10891
11659
11621
11552
11549
11097
11050
11675
11627
11813
11976
11933
11469
10894
10773
10956
11650
11558
11104
11097
10912
11221
11779
11165
11250
11334
11541
11503
11625
11831
11742
11822
11761
11684
11619
11266
11376
11659
11943
11762
11337
11105
11023
11773
11587
11699
11589
11238
11003
10962
11042
11009
11195
11657
11715
11446
11800
11549
11796
11755
11854
11672
11576
11382
11656
11117
10748
10620
10957
11544
11852
11627
11454
10889
10915
10884
10821
11082
10775
10925
10929
10848
10694
10669
10918
11668
11786
11126
11114
11808
11960
11704
11703
10962
10973
11717
11629
11729
11846
11633
12924
12494
13021
11745
11789
11733
11686
11605
11715
11744
11462
11722
11898
11774
11544
11584
11740
11610
11408
11596
11626
11639
11531
10929
10844
11069
11664
11253
11051
10846
11090
11596
11773
11584
11709
11172
10842
11046
11642
11815
11497
11124
11449
11703
11845
11646
11034
10855
10846
10981
10900
10868
10920
11057
11566
11662
11606
11752
11643
11753
11720
11763
11842
11086
10822
11011
11594
11682
12346
11762
11498
11494
11659
11548
11033
11074
11862
10996
10826
10987
11587
11708
11502
11193
10841
10957
10761
11022
11657
11612
11717
11957
11524
11272
11697
11460
11742
11781
11705
11604
11717
11787
11718
11662
12110
11549
11607
11663
11562
10996
11025
11041
11320
12170
11553
11351
11003
10966
10980
11172
11610
11908
11772
11500
11260
11207
11329
11258
11260
11170
11098
11295
11115
11676
11607
11960
11841
11992
10925
10721
10624
10638
10688
10740
10674
10920
11009
11101
11557
11676
11719
11728
11228
10940
11164
10838
10831
10884
10854
10869
10863
11177
11647
11584
11275
11001
11732
11705
11808
11675
11984
11739
11541
11161
10918
10975
11587
11656
11640
10968
10864
10901
10863
11098
11736
11548
11669
11117
10730
10654
10614
10614
10671
10724
10694
10709
10900
11094
12016
11253
11108
11177
11325
11630
11776
11768
11739
11698
11896
11502
10977
10890
10817
10825
10784
10821
10894
11037
11448
11167
10898
11417
11314
11350
11485
11547
11303
10765
10907
11039
11620
11822
11747
11233
11274
11204
11386
11226
11445
11222
11663
11625
11860
11622
11209
10791
10864
11682
11779
11699
11703
11702
11658
11720
11715
11726
11697
11541
11264
10958
11056
11074
11053
10972
11008
10989
10999
10993
10978
11214
12359
11529
11336
11364
11597
11663
11612
11322
11038
11841
10911
11180
11781
11628
11619
11656
11740
11474
10873
10692
10880
11494
11413
11558
11185
11297
11853
11471
11295
11308
11278
11432
11169
11214
11016
11151
11028
11032
10997
10984
10986
10944
11129
11540
11183
12203
10969
10983
10810
10667
10698
10994
11652
11751
11780
11634
11725
12527
11848
11753
11903
11667
11367
10979
10744
11160
11712
11201
11036
11132
11549
11535
11835
11505
11322
11323
11252
11377
11153
10800
10749
11068
11668
11691
11433
10758
10898
11671
12220
11309
11300
11288
11530
10842
10847
10805
10667
10862
11239
11708
11691
11540
11265
11788
11733
11633
11692
11640
11632
11680
11700
11733
11525
11104
11609
11173
11160
11673
11669
11877
11694
11783
11783
11734
11571
11733
11930
11812
11315
10971
11198
11813
11675
11690
11704
11752
11459
10899
10719
10838
11187
12667
11826
11558
11654
11481
11266
11266
11203
11268
11418
11690
11601
11635
10896
10995
11044
11185
11172
10926
11150
11827
11835
10882
10726
10649
10691
11032
11624
11641
11750
11346
10824
10752
10693
10941
11670
11939
11617
11622
11437
11756
11740
11371
11654
11565
10862
10789
10673
10749
10821
11075
11645
11716
11597
11587
10870
10685
10716
10713
10741
10634
10758
10826
10704
10737
10736
10763
10710
10695
10861
11013
10886
10907
10926
10954
10923
10858
10971
10907
10932
10893
10882
10955
10949
11028
10964
10915
10994
11083
11705
11694
11766
11565
11671
11490
11291
11748
11124
10750
11036
11832
11667
11642
11358
11399
11793
11842
11572
11568
11787
11409
10990
11288
11600
11715
11633
11797
11534
11233
11117
11548
11101
10950
11141
11921
11682
12812
11975
11653
11715
11562
10991
10973
11020
11088
11757
11484
10929
11030
11767
11783
11654
11023
10919
10946
10784
11012
11021
11547
11599
11078
11633
11688
11754
11678
11065
10734
10731
10820
10829
10769
10829
10771
10765
10821
10847
10749
10729
10772
10851
10856
10821
10814
10886
10904
10874
10877
10851
11091
11911
11878
11740
11909
11647
11208
11121
11725
11687
13146
11704
11633
11697
11980
11685
11681
11618
11044
11088
11476
11009
10927
11049
11036
10915
10937
10871
10969
10991
10961
11163
11273
11755
11706
11658
11392
11764
11869
11551
11563
11746
11798
11773
11786
11729
11415
10776
10873
11100
10794
11632
11634
11784
11756
11827
11723
11610
11721
11501
11184
11632
13026
11689
11807
11706
11214
11828
11532
11084
11124
11587
11676
11372
11297
11953
11937
11728
12232
11313
10766
10825
10874
10777
10991
11703
11704
11330
11679
11703
11581
11015
10722
11006
11657
11847
11734
11468
11297
11358
11880
11456
10934
11483
11748
11725
11498
11289
10828
10924
10795
10900
10802
10854
10853
10891
10905
10954
10972
10980
10931
10940
10961
11066
10885
11036
11119
11700
11595
11092
10947
10770
10688
10826
11423
11847
11330
12006
11811
11436
11824
11569
11706
11547
11724
11620
11460
11174
10792
10837
10812
10981
11951
11853
11653
11408
11360
11232
11075
10994
11022
10776
11953
11540
11719
14573
11619
11618
11782
11447
11249
10853
10995
11636
11755
11786
11665
11627
11632
10905
10886
10851
10901
10844
11634
11691
10826
11094
11666
11602
11780
11827
11659
11655
11881
11169
11032
11504
11027
11676
11708
11643
11899
11556
10922
10705
10655
10744
10733
10641
10625
11235
12148
11615
11258
11102
11655
11573
11925
11502
10920
10808
11234
11644
11663
11758
11577
11606
11972
11726
11563
11189
11536
11143
10860
10647
11670
11690
11885
11693
11164
10886
10873
10897
10825
10896
10922
10905
10885
11015
10928
10915
10967
10969
10953
11058
10943
10964
10939
10987
11141
11396
11390
11415
11350
11411
11254
10884
10818
10742
10858
10871
10741
10875
10838
10941
10935
10838
10848
10906
11014
10874
10901
11281
11437
11386
11323
11151
12388
12156
11577
11587
11674
11740
11762
11612
11332
11092
11572
11204
12319
11691
11588
11527
11447
11420
11485
10911
10928
10833
10856
10662
10910
11554
11636
11813
11669
11549
10938
10847
10818
10852
11294
10848
10828
10853
10895
10899
10874
10778
10837
10813
11054
11557
11231
11283
11344
11530
11542
11459
11004
11021
11657
11519
11334
11501
12653
11447
11039
10919
10738
10790
11029
11739
11851
11769
11615
11620
11603
11110
11022
11732
11101
11551
11210
10907
11375
10815
10927
10983
10858
10940
10871
11236
10878
10792
11111
11621
11706
11743
11952
11248
10850
10827
10713
10748
10729
10863
11019
11420
11646
11491
10986
11365
11377
11508
11562
11541
11428
11451
11281
11231
11655
11270
11679
11649
11192
10794
10993
11590
11641
11640
11675
11572
11177
11467
11320
11787
11694
11608
11716
11671
11820
11743
11689
11641
12127
11129
11143
11697
11496
11186
10928
10916
10865
10895
10871
10872
10906
10776
10940
10930
10855
10839
11013
11116
11277
11618
11509
11547
11666
11649
11611
11601
11018
10736
10980
11632
11275
11595
11582
11341
11375
11276
11153
11039
11066
11000
11141
10952
11050
10998
10989
10973
10997
11196
10990
11146
11477
12440
11438
10897
10737
10982
11523
11718
11801
11734
11873
11714
11774
11601
11727
11551
11608
11777
11437
11015
10740
10742
10833
10775
11123
11627
11694
11347
11210
11943
11700
11586
11731
11677
11929
11665
11704
11640
11428
11194
10812
10825
11035
11682
11579
11197
11729
12136
11818
11629
11015
10701
10985
10813
11673
11203
10910
10806
10812
10788
10698
11230
12994
11620
11746
11530
11170
11669
11534
11438
11291
11338
11347
11446
11432
10966
10824
11062
11632
11562
11442
11170
11055
11753
11106
10911
10912
10853
11967
13476
11205
10802
10754
10810
10774
10731
11022
11112
11721
11603
11261
11387
11649
11260
10744
10849
10654
10877
11631
11732
11810
11770
11727
11201
11111
11107
11365
10823
11036
11585
11162
11587
11521
10986
10964
11370
12973
11322
11282
11725
11344
11036
11501
10910
10889
11223
11070
10957
10852
11016
11858
11855
11608
11030
11345
11972
11953
11844
11719
11631
10899
10808
10607
10939
11685
11836
11829
11789
11498
11344
10998
11126
11703
11758
11791
11590
10824
10783
10794
11017
11683
11909
11610
11174
11359
11544
11722
11247
11507
11639
11847
11757
11540
11052
10793
11063
11706
11701
12056
11386
10830
10679
10669
10990
11835
11809
11675
11637
11677
11232
11168
11191
11453
11289
11332
11331
11272
11292
11613
11786
11249
11117
11695
11762
11579
11651
11625
11244
11116
11607
11121
11493
11490
12201
11863
11309
11240
11266
11437
11202
11261
11239
11723
11336
11320
11292
10958
11164
11286
11572
11598
10955
11153
10930
11281
11802
11619
11750
11708
11039
10940
11240
11799
11959
11652
11463
10893
11194
12096
11284
11086
11608
12484
11095
11023
11047
10886
10965
11122
11791
11643
11597
11589
11994
11798
11807
11927
11263
11311
11259
11123
11658
10978
10734
10827
10842
10837
10879
10827
10945
11197
11681
11658
10956
10957
11701
11163
11053
11437
11045
10816
10849
11004
11196
11691
12453
11731
11533
11583
11272
11295
11670
11692
11645
11698
11195
11133
11492
11040
10824
10844
11077
11672
11651
11427
11334
11459
10958
10790
11014
11815
11589
11103
11042
11077
11242
11995
11683
10840
11093
11718
11657
11390
11034
10892
10698
10834
10856
10707
10695
10749
10626
10600
10655
10578
10621
10713
11009
13587
11818
11015
10730
10705
10670
10600
10678
10783
10595
10646
10635
10587
10662
11832
11589
11311
11434
11080
10747
10696
10719
10684
10714
10898
11741
11835
11624
11111
10799
10895
11692
11721
11311
11074
10799
10966
12598
11183
10737
10907
10934
11693
11720
11927
11179
11102
11446
10953
10888
10797
11024
11493
11368
11727
11694
12124
11816
10981
10648
10672
10670
10850
10926
10799
10719
10965
11908
11676
11745
11434
11207
11722
11330
11127
11598
11272
11040
10878
10693
10994
11836
11858
11865
10829
11012
11151
10904
10814
10700
10665
10998
11704
11518
11620
11594
11021
10928
11918
11393
11254
11255
11744
11022
11069
11658
11292
12312
12478
12620
11165
11454
10862
10884
10806
10888
11121
11732
11634
11738
10886
11035
11640
11243
11083
11655
11776
11668
11704
11694
11106
11549
11037
11152
11145
10790
10746
10662
10909
10882
10934
11158
11706
11805
11381
11762
11020
11053
11714
11772
11992
11591
11027
11120
11735
11727
11775
11493
11088
11089
11816
11618
11002
11105
11653
11340
11406
11361
11357
11078
11801
11787
11367
11383
11612
11148
10989
11756
10953
11112
11833
11816
11681
11761
11593
10973
11277
11939
11629
11771
11733
11691
11676
12131
11723
11404
11500
11400
11429
11449
11034
11112
11665
11564
10834
10849
10988
10981
11832
11865
11618
11944
11965
11921
11260
11271
11838
11933
11646
11839
11650
11513
11535
11625
11435
11030
10738
10965
11774
11730
11848
11520
10907
10734
11023
11518
11765
11161
10914
10857
10932
10910
11107
10811
10865
11103
11837
11780
10952
10708
10940
11511
11631
11058
10927
10706
10697
11031
11918
11897
11365
11785
11630
11233
11853
11050
11094
11637
11592
11741
11679
11777
11645
11740
11853
11868
11224
11113
11557
11771
11630
11738
11744
11457
11223
11760
11708
11772
11667
10790
10900
11062
11568
11033
10957
11617
11750
11741
12615
12086
11730
11925
11759
11233
10972
10951
11172
11679
11779
11698
11226
11378
11430
11337
11238
11339
11345
11175
11371
11158
11057
11788
11099
11090
11283
11802
11670
11587
11747
11644
11572
11629
12834
11091
11130
11659
11806
11627
11521
11198
11355
11331
11301
11316
11298
11378
11316
11334
11234
11200
11147
10899
10871
11103
11622
11679
11065
11436
11675
11733
11870
11490
11960
11824
11686
11095
10716
10728
10608
10886
11784
11950
11878
11693
11595
10831
10709
10642
10892
11737
11949
11824
11444
11291
11278
10919
11046
11685
11725
11564
11774
11569
11054
11020
11121
10954
11080
10999
11002
11292
11818
11619
11185
11957
11256
11372
10941
10764
10590
10851
11581
11628
11749
11629
11097
11128
11691
11587
10991
10907
11113
10957
11095
11079
11395
11680
11807
11779
11655
11846
11787
11637
11055
11005
10871
11375
10588
10518
10613
11116
11615
11724
11747
11599
11826
11871
11868
11587
10960
11131
11469
11389
11616
11694
11842
11763
11652
11651
11677
11589
11877
11780
11834
11457
10905
10810
11038
11504
11217
11131
11626
11574
11662
11644
11471
11975
11872
12041
11819
11680
11132
10950
10895
10975
10946
10924
10810
10891
11091
11675
11612
11485
11219
10849
10914
10731
10731
10980
11625
11531
11150
11772
11685
11704
11649
11559
11284
11212
11310
11491
11090
11655
11656
11132
11084
11721
11627
11687
11788
11726
11496
11134
11258
11319
11342
11244
10824
10624
10942
11518
11221
10931
10655
10787
11637
11736
11181
10855
10579
10726
10808
10754
10981
11908
11613
11317
10779
10973
11709
11757
11470
10812
10786
10771
11154
11746
11854
11951
11769
11093
10751
10997
11656
11512
11114
11607
11321
10972
11424
11093
11675
11619
11715
11761
11571
13684
11388
11036
11375
11484
11727
11629
10971
10690
10752
11097
11738
11521
11230
11228
11277
11325
11306
11291
11084
10937
10858
10897
10839
10879
10873
10794
10874
11162
11773
11681
11086
11115
11630
11719
12400
12290
11500
11157
11342
11595
11620
11579
11630
11457
11617
11501
11296
10931
11272
11724
11690
11722
11464
10846
11007
11660
11594
11699
11757
11728
11766
11424
11152
11653
11565
11189
10959
11598
11625
11814
11687
11538
11237
11252
11045
11034
11227
11241
11594
11774
11762
11723
11683
11604
11878
11758
11575
11595
11644
11943
11716
11767
11590
11253
11251
11342
11322
11955
11590
11767
11676
11660
11227
11309
11219
12062
10981
11134
11665
11595
11614
11739
11781
10882
10990
11721
11734
11751
11891
11327
11103
11624
11645
11278
11300
11800
11611
12584
10816
10866
10606
10977
11878
11308
10992
11244
11672
11516
11555
11047
11300
11447
11102
11349
10827
10831
10911
10832
11084
11552
11634
11589
10931
10796
10741
10746
10807
11335
11876
11759
11171
11524
11617
11654
11791
11771
11409
10921
10801
10763
10785
10757
10844
11841
11607
11871
11790
11796
11457
11499
11866
11931
11525
10970
10827
10869
10903
11097
11678
11685
11761
10913
10783
10638
10651
11046
11892
11876
11907
11812
11624
11590
11799
11636
11735
11449
11079
10750
10533
10591
10864
11941
11860
11298
10851
11010
11532
11880
11596
11167
11037
11422
11109
10722
10718
10602
10918
11706
11948
11719
11691
11209
11104
11615
11715
11668
11668
11667
11546
11653
11735
11624
11112
11549
11745
11590
11007
11105
11490
10963
10967
11107
11027
10834
10831
11156
11750
12050
11884
11476
11339
12758
11675
11536
10930
10763
10742
10735
11004
10707
10845
10904
10990
11027
11004
10953
10947
10844
10871
10907
10969
10937
11014
11142
11681
11640
11215
11798
11694
11562
11734
11186
11818
11252
11573
11578
11822
11795
11648
11862
11547
11260
11572
11702
11097
11190
11481
11363
11337
11780
11957
11812
11909
11838
11759
11711
11726
11596
11659
11647
11400
11018
11140
11575
11666
11736
11543
10928
10650
10689
10784
10705
10738
10624
10946
11678
11751
11748
11633
11851
11617
10920
10728
10760
10799
10801
10719
10789
10872
11735
11762
11703
11729
11880
11865
11607
11027
10762
10780
10792
10772
10898
10922
11003
11038
11066
11166
11166
11124
11080
11041
11137
11026
11048
11137
11104
10942
11101
11739
11582
11266
10741
10897
11596
11692
11903
11628
11627
11685
11770
11270
11659
11630
12970
11946
11302
10965
10805
10754
10765
11706
10837
11123
11699
11512
11173
10748
10931
11563
11611
11768
11684
11563
11637
11622
11565
11148
11015
11659
11378
10756
10742
10629
10731
10980
11551
11736
11762
11596
11427
11698
11532
11191
10910
11060
11004
11125
11340
11611
11799
11705
11713
11811
11747
11877
11664
11212
11656
10989
11194
11702
11728
11574
10907
10729
10826
11539
11168
11629
11705
11642
11643
11620
11661
11643
11283
11155
11126
11708
11502
11316
11299
11631
11675
11894
11858
11766
11200
11225
10756
10665
10970
11606
11753
12097
11963
11598
11617
11791
11441
10940
10754
10904
11689
11504
11198
11863
11912
11866
11293
11252
11167
10906
11044
11071
11634
11518
11045
11072
11595
11610
11417
10966
10847
10787
10783
10789
10743
10715
10858
11179
11638
11649
11594
11481
11634
11542
12789
11789
11588
11638
11774
11730
11884
11514
11724
11252
11335
11888
11759
11443
11652
11577
11653
11277
10960
10745
10719
10701
11008
11582
11698
11563
11155
11096
11561
11487
11327
11879
12315
10899
10840
11743
11666
11387
11637
11769
11521
11127
11294
11397
11487
11802
11778
12291
11638
12033
11520
10980
10810
10925
10818
11064
11644
11775
11660
11930
11641
11580
11185
10961
10993
11095
11222
11362
11799
11898
12077
11915
11824
11881
11688
11843
11472
11121
11480
10865
10697
11514
11602
11712
11881
11898
11657
11844
11144
10870
10896
10841
10854
10916
10827
11225
11713
11718
11498
11112
11610
11670
11704
11633
11791
11673
11419
11212
10890
10853
10842
10805
10753
11150
11839
11972
10952
10722
10828
10723
10952
11547
11954
11693
11572
11566
13114
11205
10776
10722
10940
11603
12763
11094
10882
10826
11090
11739
11788
11531
11433
11015
11710
11768
11710
11599
11698
11768
11353
10916
11130
11676
11573
11678
11702
11342
11707
11849
11572
10922
10751
10791
10742
11062
11535
11711
11384
11332
11510
12268
11029
10891
10914
10842
10979
11206
11742
11174
11009
11367
11630
11620
11655
11018
11038
11330
11266
11551
11224
11363
11368
11375
11264
11496
11466
11312
11438
12961
11645
11174
10863
10743
11076
11633
11594
11183
11676
11462
11073
10780
10684
10685
11044
11567
11313
11267
11146
11347
11660
11825
11662
11584
11643
11950
11889
11589
11670
11758
14471
11657
11675
11578
11557
11716
11578
11276
11866
11685
11757
11700
11784
11784
11491
11668
11812
11798
11530
11089
11637
11563
11365
11114
11402
11763
11632
11847
10984
10765
11266
11583
11643
12920
11838
11267
10723
11035
11769
11633
11709
12364
11654
11064
11127
11837
10914
10865
11036
11786
11710
11646
11467
11025
10870
10792
10913
10903
10833
11613
10906
11091
11137
11679
11655
11645
11572
11666
11689
11538
11320
11471
11074
10958
11657
11429
11285
11439
11022
11017
11192
11057
10919
10875
10954
10862
10901
10960
10924
10958
10917
10839
10880
10839
10866
10803
10747
10778
10767
10805
11014
11435
11032
10925
11691
11663
11781
11666
11729
11691
12432
11252
10873
10881
11113
11876
11758
11318
11164
11383
11646
11976
11563
12418
