2093
2200
2223
2212
2067
1904
2078
2012
2068
2157
2042
2047
2134
2011
1947
2070
2230
2305
2024
2133
2033
2107
1988
2045
2077
1974
1909
1779
1852
1776
1729
1595
1540
1662
1853
1487
1512
1573
1700
1707
1608
1515
1544
1515
1479
1598
1974
1508
1529
1429
1452
1517
1527
1488
1544
1608
1550
1522
1455
1542
1606
1554
1512
1585
1485
1550
1532
1485
1517
1583
1489
1544
1596
1505
1489
1495
1557
1461
1498
1465
1565
1502
1545
1496
1464
1478
1580
1531
1592
1607
1492
1604
1528
1444
1431
1836
1453
1599
1481
1458
1493
1521
1534
1631
1486
1646
1553
1501
1612
1521
1444
1485
2138
1666
1716
1501
1647
1572
1655
2702
2722
2740
2782
2623
2821
2721
2633
2593
2786
2856
2774
2818
2783
2795
2767
2740
2793
2646
2723
2603
2701
2904
2804
2818
2725
2914
2707
2777
2786
2960
2730
2865
2729
2685
2842
2711
2824
2933
2809
2669
2610
2820
2662
2889
2832
2926
2715
2825
2894
2684
2680
2717
2658
2662
2677
2782
2895
2752
2607
2561
2535
2712
2205
2087
2005
1843
1979
1720
1746
1698
1707
1666
1683
1758
1708
1770
1766
1732
1783
1737
1670
1715
1724
1743
1760
1811
1894
1978
1979
2297
2336
2564
2373
2660
2527
2589
2450
2513
2693
2421
2664
2707
2747
2506
2501
2545
2170
2191
1858
1883
1885
1987
2090
1808
1854
1794
1779
2329
1784
1841
1803
1845
1824
1952
1911
1775
1803
1870
1835
1809
1822
1778
1870
1820
1854
1791
1936
1877
1852
1849
1750
1800
1882
1800
1846
1753
1830
1864
2151
1828
1786
1813
1833
1790
1823
1827
1857
1840
1816
1729
1924
1813
1793
1914
1952
1892
1760
1793
1810
1832
1799
2215
1815
1807
1854
1739
1836
1744
1792
1815
1836
1864
1785
1807
1822
1884
1868
2476
2889
2843
2843
2857
2829
3988
2738
2678
2836
4178
2799
2660
3062
2866
2796
2805
2954
2771
2816
2834
2995
2141
1919
1880
1962
1894
1910
1809
1823
1839
1924
1830
1880
1860
1852
1860
1985
1865
1894
1936
1906
1967
1899
1874
1838
1905
1889
1854
1859
1927
1835
1895
1818
1758
1888
1862
1852
1875
1870
1862
1885
1835
1849
1868
1821
1793
1864
1862
1836
1953
2735
2637
2554
2756
2620
2712
2771
2851
2697
2701
2833
2643
2684
2646
2607
2792
2844
2603
2839
2790
2803
2684
2826
2819
3300
2741
3230
2774
2759
2662
2691
2722
2859
2709
2689
2604
2639
2757
2765
2793
2565
2714
2616
2623
2751
3479
2567
2704
2492
2827
2424
2262
2331
2195
2297
2191
2253
2344
2269
2280
2259
2132
2369
2354
2345
2361
2405
2296
2335
2240
2281
2321
2264
2259
2361
2431
2354
2401
2318
2341
2285
2526
2489
2185
2083
2193
2168
1923
1748
1749
1625
1696
1653
1689
1604
1618
1600
1585
1573
1606
1655
1667
1598
1498
1604
1596
1615
1784
1603
1540
1538
1654
1596
1607
1561
1495
1513
1585
1481
1501
1542
1596
1548
1482
1566
1651
1565
1505
1568
2727
2871
2773
2812
2699
2839
2974
2758
2593
2781
2880
2545
2243
1931
2082
1997
1952
2025
2079
2050
2023
2069
1940
2016
1975
2112
2077
1965
2056
2137
1976
2036
2052
1934
2264
1809
2473
1692
1736
1763
1793
1784
1782
1685
1778
1713
1743
1726
1757
1934
1674
1761
1804
1850
1869
1852
1793
1958
1988
2051
2145
2025
2068
2013
2277
2191
2350
2210
2326
2217
2384
2401
2213
2207
2274
2379
2238
2400
2345
2335
2290
2265
2385
2210
2316
2225
2358
2413
2349
2285
2187
2216
2396
2298
2133
2279
2324
2266
2456
2414
2254
2206
2249
2317
2285
2442
2330
2212
2404
2331
2256
2272
2409
2264
2382
2438
2308
2195
2325
2371
2330
2278
2183
2414
2208
2243
2359
2283
2375
2422
2283
2142
2332
2271
2209
2297
2325
2256
2289
2358
2469
2500
2476
2353
2323
2253
2359
2256
2023
2020
1774
1781
1802
1760
1818
1728
1565
1691
1688
1675
1529
1602
1555
1500
1620
1654
1563
1551
1655
1555
1708
1871
1596
1671
1557
1642
1686
1639
1665
1730
1822
1818
1835
1962
1864
1827
1860
2025
2075
2085
2064
2018
2131
2144
2090
2138
2164
2130
2014
2130
2120
2050
2141
2077
2069
2014
2033
2081
2195
2015
1977
1989
1993
2129
2078
1965
2247
2090
2150
2160
2005
2182
2073
2712
2785
2810
2821
2777
2819
2865
2927
2494
2665
2979
2770
2733
2746
2836
2726
2886
2968
2615
2653
2865
2824
2820
2799
2879
2713
2806
2857
2651
2732
2764
2729
2630
2496
2238
2106
2076
2069
2020
1997
2287
2216
2042
2155
2108
2035
2028
1872
1890
1742
1692
1645
1598
1833
1606
1566
1548
1610
1547
1759
1712
1589
1622
1612
1614
1631
1630
1565
1689
1604
1605
1635
1644
1630
1545
1498
1496
1594
1558
1552
1635
1607
1575
1564
1594
1519
1615
2056
1538
1568
1564
1609
1561
1640
1669
1622
1731
1600
1623
1578
1638
1621
1647
1602
1542
1637
1636
1538
1607
1735
1486
1620
1654
1597
1868
1545
1525
1603
1628
2665
2858
2725
2742
2871
2794
2852
3044
6482
2776
2728
2714
2503
2612
2641
2761
2286
2755
2858
2799
2910
2655
2908
2872
2934
2758
2725
2660
2691
2698
2704
2808
3535
2776
2697
2806
2791
2552
3077
2881
2812
2865
2808
2744
2832
2653
2718
2713
2841
2710
2773
2883
2713
2651
2715
2589
2871
2740
2720
2778
2768
2763
2860
2352
2082
2011
1840
1996
1964
1867
1819
1784
1812
1810
1890
1819
2004
1781
1843
1829
1858
1892
1773
1988
1867
1867
1830
1895
1900
1879
1815
2741
2855
2742
2855
2946
2738
2847
2559
2694
2202
2162
2096
2063
2119
2066
2056
2127
2299
1890
2006
1934
1991
2112
2016
1973
2120
2094
2000
2077
2057
2074
1981
2036
2007
2043
2005
1977
2028
2053
1967
2092
2011
1978
2036
2018
2036
2002
1948
1998
1958
2070
2040
2046
2009
2033
2033
2113
2072
1971
2114
1988
2085
2000
2089
2511
2654
2760
2915
2780
2761
2922
2769
2857
2791
2952
3959
2863
2665
3027
2550
2284
2284
1832
1850
1807
1829
1707
1724
1700
1566
1604
1511
1561
1576
1662
1571
1907
1633
1605
1748
1595
1567
1620
1578
1609
1626
1622
1489
1536
1589
1573
1603
1729
1656
1639
1515
1577
1556
1533
1628
1600
1608
1574
1656
1555
1620
1896
1547
1604
1601
1593
1496
1560
1653
1563
1571
1567
1615
1588
2121
1760
1633
1614
1637
1584
1728
1662
1587
1612
1579
1596
1692
1712
1611
1766
1681
1569
1563
1577
1636
1631
1691
1636
1619
1657
1679
1589
1524
1544
1519
1564
1654
1590
1589
1535
1642
1567
1648
1625
1640
1564
1575
1556
1569
1571
1746
1679
1679
1587
1572
1542
1465
1533
1464
1562
1595
2415
2887
2724
2809
2699
2686
2630
2593
4814
2889
2817
2724
2802
2723
2701
2978
2890
2859
2879
2848
2812
2722
2795
2859
2717
2736
2770
5235
2706
2967
2791
2755
2764
2674
2216
2288
2403
2396
2317
2258
2373
2337
2300
2359
2773
2603
2895
2721
2582
2742
2664
2767
2640
2782
2789
2776
2657
2812
2682
2798
2713
2687
2699
2611
2659
2813
2868
2680
2819
2848
2640
2573
2667
2849
3032
2772
2730
2766
2684
2803
2755
2215
2197
2081
1957
1903
1849
1746
1876
2808
2876
2794
2726
2908
2875
2713
2704
2638
2740
2721
2878
2901
3586
2715
4071
2704
2679
2919
2831
2929
2880
2789
3891
2757
2787
2261
2508
2158
1878
1771
1825
1711
1719
1696
1604
1561
1583
1785
1608
1586
1487
1575
1628
1642
1587
1556
1530
1552
1482
1536
1623
1638
1537
1541
1496
1553
1568
1644
1674
1643
1474
1635
1563
1523
1568
1520
1491
1559
1609
1478
1698
1571
1548
1573
1504
1559
1555
1532
1579
1652
1542
1598
1585
1493
1615
1613
1547
1479
1547
1624
1598
1679
1585
1510
1557
1505
1547
1744
1918
1569
1547
1523
1571
1569
1670
1652
1552
1493
1545
1636
1583
1780
1607
1555
1529
1575
1577
1592
1624
1640
1495
1598
1578
1581
1639
1528
1495
1602
2268
2363
2098
1866
1863
1776
2080
2882
2585
2771
2787
2478
2755
2643
2649
2878
2775
2658
2858
2781
2726
2706
2968
2773
2867
2624
3240
2622
2675
2921
2726
2574
2853
2821
2750
2737
2717
2725
2899
2960
2649
2845
2645
2637
2562
2834
2796
2863
2881
2636
2737
2809
2637
2637
2653
2653
2757
2682
2686
2715
2770
2735
2703
4533
2808
2913
2647
2648
2866
2627
2736
2757
2717
2715
2742
2612
2848
2739
2770
2785
2836
2840
2569
2460
2619
2728
2659
2668
2665
2796
2713
2786
2684
2900
2882
2831
2999
2728
2730
4912
2785
3272
2787
2720
2697
2887
2806
2893
2694
2502
2180
2066
2227
2697
2720
2754
2714
2697
2785
2996
2878
2816
2841
2696
2676
2616
2732
2803
2531
2749
2647
2664
2838
2804
2771
2835
2763
2910
2719
2523
2663
2822
2599
2882
2665
2724
2612
2665
2860
2697
2514
2536
2560
2542
2785
2913
2687
2742
2713
2814
2796
2661
2774
2900
2894
2736
3143
2965
2794
2742
2736
2628
2489
2496
2738
2992
2661
3224
2853
2840
2770
2779
2765
2944
2689
2548
2734
2694
2571
2720
2775
2696
2808
2755
2732
2659
2671
2571
2666
2622
2893
2875
2765
2205
2251
2394
2774
2863
2828
2727
2779
2653
2910
2909
2649
2720
2800
2859
2671
2830
2690
2795
2749
2652
2754
2626
2603
2699
2672
2694
2659
2696
2849
2754
2701
2707
2665
2656
2586
2710
2855
2710
2585
2835
2814
2788
2755
2786
2866
2785
2814
2734
2607
2630
2699
2670
2636
3123
2739
2569
2619
2600
3176
2677
2724
2739
2756
2787
2697
2789
2756
2621
2903
2604
2736
2841
2693
2753
2736
2571
2723
2640
2616
2793
2771
2740
2692
2598
2575
2593
3193
2674
2630
2771
2756
2681
2744
2731
2716
2824
2923
2356
2097
2556
2062
1891
1745
1659
1651
1566
1643
1552
1649
1589
1597
1523
1650
1463
1473
1510
1579
1518
1480
1561
2714
2625
2695
2729
2740
2695
2767
2786
2829
2996
2307
2291
2094
1857
1775
1756
1687
1654
1639
1669
1601
1534
1487
1536
1606
1563
1617
1531
1616
1623
1577
1530
1490
1591
1513
1584
1968
1603
1523
1620
1549
1679
1667
1620
1635
1640
1587
1735
1816
1825
1797
1905
1914
2050
2152
2062
2101
2047
2080
2483
2053
2164
2016
2112
2050
2175
2099
2004
2003
2016
2067
2081
2087
1977
2085
2171
2077
2028
2121
2124
2014
2617
2626
2894
2788
2831
2810
2693
2713
2678
2696
2659
2765
2753
2817
2721
2742
2741
2761
3072
2849
2533
2718
2655
2641
2756
2870
2841
2774
2715
2688
2855
2840
2697
2689
2814
2807
2812
2665
2569
2745
3011
2844
2875
2883
2840
2415
2331
1999
2026
2051
1984
2047
1998
1954
1884
1934
1997
2074
2037
2067
2051
2074
2552
2614
2863
2632
2769
2816
2798
2931
2709
2646
2870
2761
2642
3000
2827
2635
2748
2598
2716
2663
2854
2956
2769
2801
2964
2767
2838
2745
2791
2701
2751
2318
2205
2186
2289
2337
2357
2399
2197
2254
2338
2238
2299
2324
2270
2220
2222
2299
2354
2753
2762
2727
2739
2682
2781
2648
2613
2936
2811
2819
2824
2757
2621
2763
2852
2578
2601
2750
2815
2716
2739
2665
2757
2813
2409
2367
1953
1904
1767
2817
2816
2708
3436
2917
2776
2710
3111
2776
2664
2820
2750
2556
2862
2952
2804
2742
2745
2740
2890
2779
2719
2714
2304
2147
2157
1919
2508
2809
2851
2695
2723
2823
2631
2701
2677
2558
4359
2953
2749
3034
2507
2309
2031
1816
1888
1892
1912
1799
1839
1929
1783
1814
1856
1829
1970
1841
1898
1815
1807
1838
1784
1866
1959
1817
1891
1905
1826
1892
2800
2806
2591
2649
2785
2605
2755
2962
2638
2682
2751
2801
2751
2697
2708
3522
2754
2777
2713
2959
2810
2762
2818
2704
2777
2759
2674
2857
2729
2707
2716
2852
2614
2642
2698
2816
2763
2716
2817
2712
2396
2403
2407
2336
2299
2282
2257
2240
2327
2449
2271
2323
2326
2310
2213
2245
2372
2214
2307
2233
2310
2207
2181
2256
2388
2395
2372
2239
2248
2236
2297
2422
2200
2207
2349
2462
2475
2798
2663
2789
2779
2810
2667
2493
2486
2724
3192
3499
2799
2717
2754
2809
2975
2427
2108
1936
1882
1845
1701
1763
1740
1797
1697
1831
1865
1741
1752
1961
1844
1754
1701
1675
1876
1849
1827
1825
2012
1929
1942
1993
2200
2004
2290
2294
2227
2251
2479
2445
2404
2373
2198
2811
2805
3190
2670
2545
2623
2722
2693
2594
2729
2867
2788
3039
2756
2877
2555
2735
2742
2843
2739
2185
2044
2110
1959
2051
2003
1957
2526
2731
2751
2918
2661
2763
2729
2779
2594
2658
2856
2760
2721
2843
2662
2765
2674
2863
2615
2669
2718
2686
2928
2798
2711
2776
2874
3330
2900
2670
2776
2560
2638
2860
2896
2753
2726
2811
2827
2899
2816
2821
2906
2878
2775
2401
2226
2294
2236
2207
2167
2337
2275
2192
2207
2152
2183
2353
2290
2305
2185
2149
2142
2264
2285
2353
2299
2216
2194
2402
2526
2256
2178
2277
2262
2231
2295
2245
2322
2319
2278
2294
2197
2266
2514
2843
2930
3400
2637
2723
3610
2837
2775
2763
2785
2498
2708
2668
2884
2965
2954
2965
2816
2757
2719
2702
2686
2759
2841
2699
2786
2686
2732
2719
2794
2890
2752
2728
2906
2783
2700
2654
2527
2742
2769
2870
2813
2763
2780
2724
2705
2540
2512
2696
2699
2726
2745
2740
2871
2817
2728
2851
2755
2786
2638
2467
2918
2760
2674
5457
2691
3423
2695
2715
2677
2758
2868
2526
2152
2190
2070
1824
1834
1776
1726
1625
1544
1693
1645
1734
1752
1643
1552
1719
1687
1682
1688
1675
1590
1667
1720
1694
1691
1717
2774
2679
2687
2744
2760
2655
2715
2747
2676
2964
2740
2811
2663
2693
2780
3354
2725
2862
2961
2615
2693
2557
2809
2524
2619
2626
2878
2805
2740
2665
2776
2757
2836
2833
2687
2868
3021
2841
2872
2900
2842
2795
2672
2942
3154
2862
3138
2924
2768
2692
2645
2772
2664
2733
2830
2772
2904
2895
2722
2921
2592
2830
2681
2714
2656
2859
2568
2575
2917
2730
2714
2530
2668
2645
2803
2652
2797
2843
2830
2733
2795
2774
2923
2875
2530
2581
2686
2769
2612
3029
2760
2620
2796
2915
2727
2628
2777
2575
2603
2961
2825
2829
2757
2720
2664
2796
2787
2821
2706
2686
2849
2850
2732
2763
2738
2656
2646
2870
2854
2706
2648
2629
2712
2741
2843
2653
2850
2654
2642
2652
2870
2886
2504
2290
2327
2264
2347
2243
2266
3570
2332
2418
2425
2219
2163
2165
2328
2213
2190
2397
2478
2354
2310
2195
2237
2293
1957
1922
1947
1813
1733
1699
1627
2108
1687
1653
1586
1590
1581
1530
1562
1601
1692
1587
1582
2798
2845
2755
2552
2715
2621
2767
3036
2829
2775
2734
2702
2691
2523
2624
2740
2673
2669
2861
2780
2691
2520
2716
2780
2599
2630
2700
2727
2736
2760
2630
2553
2754
2750
2769
2796
2855
2829
2890
3060
2812
2683
2745
2761
2628
2604
2632
2625
2758
2699
2785
2748
2624
2660
2683
2700
2739
2596
2630
2642
4823
2691
2579
2688
2760
2770
2589
2721
2664
2732
2677
2864
2927
2807
2835
2799
2878
2891
2860
2880
2806
2836
2818
2882
2765
2778
2836
2819
2617
2861
2720
2768
2593
2615
2600
2587
2880
2928
2665
2934
2962
2841
2678
2814
2693
2542
2638
2707
2763
2619
2774
2632
2541
2645
2596
2703
2761
2658
2747
2906
2657
2674
2695
2630
2578
2674
2580
2485
2587
2668
2619
2829
2708
2611
2768
2594
2760
2670
2752
2823
2797
2879
2804
2806
2737
2718
2704
3401
2593
2720
2727
2852
2653
2699
2766
3330
2767
2713
2705
2800
2699
2690
2756
2629
2682
2701
2631
2657
2676
2774
2758
2594
2788
2850
2920
2747
2626
2751
2697
2712
2744
2783
2828
2598
2573
2891
2680
2619
2606
2459
2589
2719
2746
2679
2502
2948
2765
2698
2772
2577
2838
2744
2213
2242
2284
2257
2378
2072
2250
2719
2758
2710
2734
2717
2641
2527
2756
2795
2548
2584
2726
2827
2665
2726
2766
2724
2766
2762
2828
2724
2777
2706
2812
2707
2616
2701
2679
2693
2718
2826
2637
2662
2941
2774
2859
2887
2704
2762
2569
2693
2817
2826
2709
2844
2942
2674
2748
2798
2617
2744
2692
2656
2723
2687
2669
2757
2826
2692
2688
2684
2645
2639
2630
2634
2728
2693
2666
2799
2784
2536
3182
3281
2766
2751
3564
2939
2727
2697
2708
2718
2771
2865
2745
2655
2551
2617
2766
2558
2631
2601
2692
2509
2483
2576
2591
2643
2477
2786
2746
2673
2656
2631
2782
2617
2754
2625
2816
2633
4799
2650
2728
2732
2589
2572
2814
2714
2730
2691
2775
2717
2895
2616
2618
2842
2717
2669
2652
2837
2746
2866
2766
3267
2781
2790
2641
2961
2947
2773
2747
2650
2648
2730
2769
2793
2655
2728
2705
2625
2596
2748
2794
2713
2673
2910
2579
3446
2647
2948
2800
2784
2700
2580
2602
2639
2686
2816
2717
2747
2695
2748
2773
2690
2592
2698
2780
2632
2754
2840
2747
2677
2765
2670
2558
2459
2539
2663
2490
2518
2483
2639
2650
2821
2659
2378
2304
2325
2287
2340
2314
2774
2706
2861
2624
2679
2779
2401
2704
2751
2864
3200
2759
2724
2711
2770
2593
2570
2581
2319
2229
2085
2047
1883
1952
2027
1971
1998
1943
2072
2069
1969
2535
2008
1896
2132
2087
2055
1946
2137
1961
1971
1985
2038
2506
2691
2813
2791
2664
2719
2547
2756
2810
2821
2701
2819
2818
2757
2660
2760
2832
2752
2687
2553
2713
2706
2743
2585
2647
2668
2647
2673
2671
2640
2882
3320
2692
2687
2742
2678
2922
2726
2855
2706
2559
2725
2630
2654
2770
2676
2762
2678
2733
2527
2710
2676
2745
2932
2748
2821
2739
2701
2780
2794
2786
2772
2755
2851
2711
2829
2877
2668
2754
2646
2782
2900
2778
2506
2731
2659
2648
2571
2661
2820
2630
2747
2823
2770
2661
2706
2729
2640
2757
2563
2647
2589
2714
2579
2688
2709
2705
2795
2735
2812
2891
2684
2789
2879
2765
2190
2231
2209
2249
2891
2247
2286
2332
2401
2714
2794
2821
2753
2736
5035
2776
2622
2731
2610
2878
2742
2890
3140
2509
2575
2799
2738
2660
2638
2630
2689
2680
2770
2775
2872
2767
2734
2572
2793
2721
2763
2702
2765
2679
2598
2686
2743
2703
2758
2683
2567
2605
2675
2735
2873
2761
2722
2612
2206
2004
1943
1891
1844
1864
1730
1632
1572
1527
1618
1667
1535
1526
1575
1576
1486
1513
1528
1568
1608
1490
1520
1583
1555
1524
1571
1602
1519
1554
1550
1619
1590
1581
1574
1613
1528
1577
1618
1542
1487
1633
1546
1524
1656
1440
1512
1544
1540
1496
1608
1584
1707
2453
2434
2410
2298
2311
2500
2534
2534
2783
2801
2483
2604
2766
2701
2601
2676
2619
2719
2971
2820
2928
2817
2577
2391
2030
2066
1890
1672
1855
1765
1747
1795
1639
1829
1749
1922
1759
1652
1821
1808
1713
2258
1874
2046
2570
2402
2604
2643
2833
2810
2673
2721
2593
2729
2779
2689
2699
2924
2766
2596
2699
2635
2807
2922
2840
2743
2621
2664
2644
2898
2737
2731
2756
2737
2607
2611
2802
2755
2675
2703
2699
2719
2740
2764
2719
2675
2674
2766
2807
2639
2804
2693
2724
2816
2591
2774
2722
2762
2761
2580
2585
2720
2910
2759
2776
2686
2644
2707
2500
2772
2624
2592
2768
2698
2653
2539
2637
2796
2729
2813
2723
2723
2522
2536
2529
2662
2654
2771
2638
2588
2699
2658
2697
2880
2776
2742
2696
2750
2772
2764
2772
2805
2817
2629
2794
2586
2839
2650
2592
2512
2497
2671
2785
2866
2777
2798
2616
2817
2662
2686
2742
2720
2741
2834
2755
2771
2761
2819
2762
2788
2750
2840
2837
3243
2649
2798
2829
2778
2871
2849
2869
2906
2899
2782
2786
2793
2927
2708
2644
2773
2667
2672
5396
2730
2723
2750
2919
2797
2817
2792
2794
2593
2673
2854
2737
2697
2864
2769
2703
2730
2738
3021
2855
2576
2812
2747
2759
2835
2636
2675
2946
2805
3031
2725
2801
2762
2721
2585
2904
2916
2694
2370
2246
1986
2063
1985
1991
1963
2071
1974
1957
2031
1829
1943
1733
1735
1688
1748
1675
1845
1674
1656
1639
1722
1647
1605
1599
1630
1497
1552
1612
1409
1488
1539
1518
1551
1582
1566
1530
1543
1531
1544
1492
1522
1527
1558
1492
1571
1621
1472
1476
1464
1561
1627
1631
1570
1615
1630
1485
1507
1487
1648
1554
1556
1600
1605
1606
1559
1465
1622
1684
1712
1586
1517
1523
1497
1521
1534
1463
1545
1494
1558
1592
1501
1607
1570
1583
1527
1535
1709
1562
2337
2236
2098
2026
2105
2019
2090
1984
2152
1972
2133
2073
2625
2573
2849
2484
2721
2814
2672
2668
2685
2655
2856
2791
2744
2880
2780
2788
2726
2606
3390
2781
2641
2825
2836
2788
2754
2656
2812
2666
2748
2610
2620
2650
2586
2687
2698
2656
2737
2832
2779
2902
2725
2692
2752
2701
2650
2643
2881
2810
2850
2801
2651
2856
2669
2806
2787
2736
2840
2893
2906
2704
2773
2866
2673
2775
2249
2274
2035
1951
1931
1642
1662
1665
1728
1746
1646
1677
1536
1611
1704
1628
1587
1571
1529
1548
1495
1559
1502
1582
1592
1652
1563
1649
1594
1525
1479
1613
1564
1660
1590
1583
1541
1619
1577
1615
1555
1557
1536
1628
1472
1519
1461
1583
1546
1669
1586
1513
1555
1608
1581
1682
1531
1485
1551
1520
1657
1588
1529
1573
1586
1588
1725
1548
1521
1568
1503
1497
1497
1548
1583
1532
1528
1499
1563
1550
1523
1615
1525
1588
1531
1558
1516
1533
1539
1567
1598
1452
1503
2137
2320
2033
2221
2321
2480
2356
2439
2383
2348
2477
2385
2449
2296
2435
2773
3401
2712
2524
2853
2631
2794
2769
2609
2732
2664
2839
2790
2831
2783
2774
2829
2749
2744
2680
2888
4329
3429
3967
2351
2154
1966
1989
1887
1643
1753
1720
1623
1640
1572
1550
1644
1669
1624
1499
1575
1536
1622
1587
1583
1494
1769
1625
1554
1694
1734
2708
2756
2657
2728
2732
2680
2790
2741
2487
2966
2832
2573
2711
2506
2563
2518
2635
2796
2659
2868
2953
2778
2744
2776
2689
2726
2685
2697
2615
2845
2686
2680
2606
2378
2679
3648
2889
2723
2721
2542
2651
2741
2740
2754
2957
2697
2793
2890
2823
2579
2737
2777
2548
2773
2818
2718
2769
2731
2833
2761
2869
2748
2913
2844
2729
2698
2713
2625
2731
2737
2824
2762
2760
2705
2621
3756
2650
2791
