1678
1864
1718
1552
1562
1590
1613
1496
1565
1715
1646
1769
1821
1801
1480
1678
1618
1691
1564
1779
1790
1558
1737
2943
3027
2998
2891
2704
3006
2678
2620
2316
2588
2856
2844
2976
2791
2779
2807
2908
2454
2272
2219
2142
2238
2195
2137
1902
1757
1848
1780
1770
2864
3188
2868
3031
1981
1778
1816
1742
3109
3109
2946
3021
2859
3023
2965
2386
2259
2272
2350
3005
2862
2066
2600
2174
1875
2908
2694
2479
2171
2199
2267
3607
2409
2223
2165
2259
2265
3243
2172
3035
2860
2209
2834
2928
2180
2080
2241
2213
3152
2556
2113
2034
2138
2146
2001
2196
2027
2161
2981
2592
2095
4391
2824
2175
2936
3012
2822
2845
3069
2961
2978
2671
2586
2522
2347
1816
1809
1750
1693
1760
1711
1759
1739
1719
2838
2722
2488
2167
1741
1784
1817
1858
1884
1863
1759
1864
1827
1877
2016
2844
3083
2164
1911
1679
1611
1776
1754
3062
2872
2131
1693
1892
1773
1811
1801
1715
1640
1936
1730
2924
2600
1896
1896
1894
1858
1979
1944
1859
1861
1686
1678
1754
1800
1944
1741
2985
2890
3326
2466
2323
2351
2224
2228
2252
2129
2020
2128
1858
1816
1880
1754
2907
2877
2903
3005
3020
2812
3147
2870
3105
3040
2738
3039
2670
2010
3011
2202
2125
2638
1990
1708
2890
2509
2169
2199
2114
2227
2894
2190
1760
1741
1740
1743
1765
1747
1770
1771
1723
2877
4103
2967
3090
2867
2450
1967
1703
1808
3564
2551
1911
1878
3077
2944
2471
1959
1802
2127
2842
2766
2900
2467
2926
2391
2157
3504
2678
2995
2797
2393
2150
2187
2836
2763
2812
2585
2000
1729
1650
1695
1716
1710
2905
2798
2918
3084
2954
2151
1882
2857
2914
2605
2162
2268
2097
2174
2259
2081
2198
2294
2083
2267
2125
2086
1877
1906
1888
1828
1709
2972
2964
2553
2029
2043
2032
2005
2103
1887
2126
2223
1954
2045
2038
2492
1990
2108
2056
1924
1944
1786
1866
2892
2839
2518
2049
1808
2739
4063
3020
2867
2495
2944
1649
1776
1791
1823
1730
2878
2905
2937
2935
2637
2467
2368
2350
2458
2171
1864
3180
2904
2920
2962
2868
2889
2096
1880
1836
1664
1978
1880
2801
2980
2540
2726
3018
2927
3039
2945
2263
1921
1718
2955
2783
2913
3128
2872
2462
2974
2371
2818
2894
2807
3107
2954
2136
1913
2173
2813
4744
2917
2941
2176
2381
1874
1808
1684
1787
2886
2939
2901
2160
1994
2014
1911
2172
1995
2029
2895
2697
2951
2881
2764
2170
2176
2150
2184
2121
2186
2318
2971
3028
2820
2844
3826
2798
2886
2881
3075
3090
2938
3362
2644
2337
2345
2318
1998
1826
1845
1867
1895
1873
2184
2406
2375
2522
2220
2102
2627
2505
2141
1944
1884
1910
2940
2712
2279
2091
3080
2797
2935
2809
2910
2894
3011
2799
2897
2894
5260
2872
2956
2893
2922
2720
3059
2714
3038
3140
3195
2054
2062
1936
2061
2407
1974
2828
2941
2739
3140
2907
3044
2790
2920
2231
2480
2537
2110
2126
2786
2766
2796
5259
2098
1709
1754
2075
3401
2794
2246
2169
2111
2069
2136
2209
2070
2855
2412
2079
2128
2217
2645
2330
2216
2037
2136
2128
2164
2202
2785
2974
2909
2606
2877
2111
2318
2524
2073
1817
2819
2413
2542
1890
1973
1901
1751
1788
1730
1886
1724
1769
1805
1686
1726
1857
1723
1659
1721
1660
1662
1672
2924
2810
2561
2851
2523
1932
2042
2885
2883
2030
1950
1747
1866
1743
2929
2664
3036
3144
2889
2828
2364
2559
2580
2532
2070
1742
1783
1834
1870
1926
1979
2294
2281
3104
2789
2150
2171
2215
2119
2201
2161
2157
3032
2251
2012
1990
2102
2155
2192
2662
2120
2170
3073
2215
1838
2966
2062
1670
1834
1761
1832
1891
1764
1891
1923
1839
2891
2896
5373
2976
2200
1934
2488
1950
2151
2106
2116
1978
2940
2178
1973
1974
2048
2238
2239
2251
2060
2138
2895
2957
2923
2884
2345
1898
2513
1839
1894
1883
1853
1841
1832
1835
2849
3093
2940
2974
2849
2871
2999
2780
2337
3120
2467
2262
1982
3001
2086
1921
1771
1877
1873
2918
2738
2180
2209
3090
2620
1993
2083
1811
1864
1816
2042
2202
2831
2730
2919
2963
2230
1986
1804
1853
1800
1762
2725
3103
2847
2748
2099
1908
1715
1653
2060
2977
2413
2054
2772
2888
2918
2799
1964
1701
2623
2748
2084
1999
2036
2823
3013
2856
2993
2554
3009
2896
2209
1837
1885
2996
2835
2147
2893
2486
2811
2885
2008
1867
2076
2056
2875
2808
2900
2681
2905
2885
2110
2296
2869
3093
2727
3058
2860
2917
2905
3215
2827
2607
1983
2884
2313
1895
1951
3006
2916
2582
2393
2430
2125
1885
1898
1906
1948
1768
1818
3002
2893
2950
2878
2709
2072
1925
2015
2280
2960
2256
2225
2079
2269
2392
2979
2132
1958
2743
2060
2875
3100
2491
2327
2461
2560
2124
2101
2008
2970
2566
2816
2938
2920
2900
2883
2386
2685
3178
3032
2896
2582
1970
2636
2023
1808
2936
2687
2547
2855
2810
2284
2851
2417
2927
2893
2845
2878
2977
2538
2213
2238
2614
2180
2046
1972
2137
2054
1983
1900
2838
2874
2662
2884
2792
2492
1845
1850
1817
1686
2798
2868
2774
3320
2534
2033
1952
1970
1941
1900
1965
1885
1889
1906
1987
2978
2886
2491
2411
2450
2345
2670
2917
2403
2429
2240
2503
2140
1903
2909
2839
2967
2678
2644
2213
2966
2923
2796
3029
2422
2004
1785
2853
2996
2119
3055
3056
3034
2942
2685
2272
2263
3080
2735
2164
2380
2367
2382
3810
2317
2007
2047
2950
2730
2672
1988
1835
1814
1808
1825
1770
1847
2139
2268
2234
2119
2295
2133
2164
2094
3611
2464
2120
2138
2952
2715
3814
3024
3026
2800
3052
2640
2771
2929
2022
1869
1847
1866
2584
2824
2849
3110
2817
2977
2817
3016
2997
2868
2204
2840
2871
3166
2728
3077
2959
2867
2625
2174
2259
2241
2111
3020
2370
1887
1890
1861
1829
1804
2975
2941
2855
2830
2148
1920
1772
1971
1821
1852
2832
2969
2489
2401
2590
2501
2202
2084
2159
2018
2753
2864
2893
2490
1999
1970
2990
2896
2549
2749
2303
2722
2826
2267
1991
3109
3118
2817
2876
2298
2102
1909
2971
2784
2322
2027
2882
2416
2024
2032
2812
2722
2868
2399
2515
2247
2192
1973
2047
2821
3068
2100
1994
2871
2896
2420
2229
2882
2899
2757
4088
2436
2065
2013
1839
2052
2622
2986
2762
2107
2137
1937
1929
2214
2604
2831
2933
2807
2223
2903
2783
2892
2568
2853
2782
2832
2917
2428
2375
2265
3023
2475
3033
2437
2396
2263
2571
2506
2150
3061
1940
1863
1784
1845
1881
2047
2051
2073
2021
2095
2139
2009
2033
2077
2111
2045
2680
2837
2018
1845
2734
2824
2796
2358
1913
1914
1908
1868
2130
2747
2256
1862
2331
2780
2776
2870
2554
1950
1894
1876
1885
1867
1883
1886
1782
1854
2941
2616
1950
1788
1841
2773
2984
2950
2168
1882
1838
2851
2353
2419
2332
2369
2571
2779
2758
2046
1949
1897
2779
2771
2463
1996
2733
2656
2817
3099
2244
1812
1777
2874
2884
2441
2345
2345
2322
2346
2915
2342
2397
2388
2877
2591
2604
2034
1768
1839
1723
1785
2853
3006
3003
2690
2727
2831
2934
3030
2718
2828
2170
2182
2180
2184
2150
2040
2198
2263
2699
2172
1834
1752
1762
2002
2610
2611
2765
2924
2938
2407
2573
2009
2652
1969
1950
1899
1855
1866
1915
1852
1951
1941
1953
2623
2805
2210
2502
2686
2716
3461
2809
2811
2855
2758
2417
2390
2369
2315
2370
2368
2470
2445
2404
2496
2486
2318
2456
2726
2897
2142
1887
1891
2068
1978
2203
2552
2746
2900
3037
2747
2779
2925
2957
2359
2429
2352
2397
2404
2543
2360
2359
2584
2378
2418
2453
2353
2296
2809
2982
2908
3473
2807
2907
2889
2254
1880
2789
2737
2563
2806
2369
2002
2190
1873
1842
1924
1994
1887
1866
1945
2861
2984
2697
2053
1813
2754
2873
2872
2928
2911
2837
2863
2822
2802
2749
2863
2750
2251
2086
2854
2809
3058
3024
2650
2191
2674
4017
2836
2733
2705
2846
2404
2167
2731
2545
1938
2439
2387
2479
2532
2932
2827
2162
1992
2805
2695
2735
2829
2727
3374
2382
2308
2093
2186
2006
2854
2734
2737
2548
2812
2805
2998
2792
2882
2476
1809
1803
2703
2754
2862
2215
2041
1979
1979
2005
1916
2980
2864
2934
2042
2904
3085
2893
2430
2416
2409
2204
2873
2218
1898
1726
2854
2589
2144
2004
2115
2108
2017
2175
2752
2935
2103
1888
1774
1806
2768
2971
2782
3041
2150
2162
2007
1962
2027
2851
2608
1997
1721
2817
3218
2868
1949
1777
1774
2977
2757
2848
2815
2839
3558
2514
1924
1752
1840
2787
2903
2479
2795
2673
2936
2749
2236
1843
1832
2747
2911
2955
2470
2708
4131
2187
2303
1829
1762
2778
2159
1760
2777
2827
2735
2912
2291
2235
2200
2125
2147
2453
1901
1843
1864
1831
2531
2819
2761
2408
2312
2521
2502
2468
2816
3013
2145
1941
2829
2762
2939
2187
1861
2062
1835
1896
3043
2741
2869
2558
2328
2429
2493
2550
2719
2772
2006
1925
2309
2831
2862
2425
1929
1710
1736
2748
2667
2832
2543
2191
1920
1973
2017
1977
1933
2017
2082
2180
2107
2211
2126
2299
2259
2197
2227
2082
1859
1867
1865
2217
2663
2861
2870
2947
2612
2380
2453
2442
2296
1958
1967
1975
2850
2858
2917
2695
2707
2862
2745
2081
2158
1837
1699
1719
1784
1888
2062
1952
1962
2086
2830
2100
1888
2682
2765
2846
2914
2342
2206
2257
2103
2245
2124
1991
2203
2164
2091
2170
2149
2995
2807
2480
1975
1754
1780
1947
1962
1915
2272
2335
2487
2570
2436
2363
2961
3049
2890
2826
2856
2835
2925
2845
2184
1945
2561
2702
2941
2337
2089
2111
2125
2140
2189
2825
2988
2960
2966
2753
2800
3041
2382
1859
2962
2866
3027
3794
2896
2846
2877
2679
2958
2070
1939
1833
1985
1843
1846
2347
2768
2821
2978
2809
2835
2859
2207
2095
2159
2136
2858
2792
2353
2735
2847
2465
1966
1988
1960
1961
2044
2013
2970
2913
2880
2943
2843
2067
1863
1705
1657
2904
2863
2914
3007
6824
2980
2512
3042
2623
2089
2098
2897
2744
2913
2885
2376
1861
1803
1733
2803
2894
2160
2627
2891
2711
2845
2853
2917
2668
1936
1775
1754
1806
1768
1745
1792
2629
2735
3015
2864
2629
3491
2826
2957
2599
2401
2275
2142
1750
1825
2909
2753
2844
2243
2008
1918
1960
2044
3080
3005
2952
2485
1909
1931
2059
1924
1981
2030
1895
1991
1950
1941
1959
1913
1949
1945
2879
2326
1969
2768
2736
2706
2721
2750
2531
2384
2390
2795
2382
2459
2432
2460
2405
2476
2393
2942
2457
2580
2271
2538
2805
2136
1890
2811
2769
2986
2896
2568
2487
2872
2133
2148
2195
2165
2254
2370
2373
2070
1987
2023
1996
2252
2127
2088
2046
2048
2042
2117
2862
2958
2389
2001
1930
2737
2916
2474
2265
2978
3051
2167
2698
2776
2176
1951
1853
2784
2914
2377
2204
2072
2032
1848
1941
1773
1936
2580
2921
2790
2739
2803
2906
2408
2002
1996
2035
2030
2029
1981
1962
2007
1984
1899
2742
2198
1879
1777
1819
1843
2872
2186
1936
1828
2001
2954
3023
2838
2872
2717
2995
2759
2365
1964
1991
1968
2026
2001
1904
1948
1917
1902
1913
1988
1972
1812
1961
1895
2956
3103
2144
2758
2769
2897
2993
2213
1897
2184
2870
2373
2194
1802
2848
2108
2068
2912
2799
2845
2987
2466
2038
2740
2132
2258
2000
1963
2847
2942
2296
2418
2085
2079
2011
2121
1927
1918
1904
2082
2126
2965
2811
2291
2228
2098
2150
2090
2769
2801
2823
2407
1914
2618
2515
2793
2793
2964
2933
2408
1929
1888
1825
2911
2784
2976
2856
2170
1907
3868
2635
2862
2782
2840
2776
2791
2295
1830
1819
1798
2563
1898
1950
2580
2850
2069
2802
2780
2808
2946
2618
2004
1925
1931
1873
1964
1943
1983
1890
1950
1957
1882
1880
2008
2006
2004
1965
1931
2100
2000
1920
2045
2955
2871
2788
2892
2770
3060
2786
2898
2379
1981
1995
1930
1976
2056
2000
2140
1976
2053
2035
2483
2890
2774
2851
2937
2825
2808
2837
2336
2725
2923
2668
2796
2949
2954
2253
1881
1816
1770
2726
2879
2830
2002
2057
2817
2882
2772
2874
3007
2079
1996
2855
2875
2425
2025
1816
3268
2973
2838
2841
2253
1962
1882
2877
2506
1906
2508
2383
2904
2831
2809
2832
2753
3095
2240
2029
1929
2649
2793
3010
2185
2984
2385
1883
2151
2807
2846
2898
2787
2964
3001
2139
1893
2613
2864
2754
2927
2115
1868
1741
2877
3092
2832
2872
2805
2783
2477
1936
2804
2173
2434
2985
2733
2928
2967
3034
2946
2809
2861
3032
2172
1926
2895
2374
2665
3136
2162
2931
2882
2874
2943
2984
2608
1986
2640
2717
2759
2812
2823
2126
1980
1945
2021
1982
1910
1961
1892
1944
2819
3012
2126
1871
1811
1830
1936
1772
1987
2226
2708
3325
2753
2504
1976
1751
1777
1877
2705
2848
2787
2804
2951
2492
2268
2280
2371
2488
2444
2111
2154
2261
2123
2183
2117
2320
2348
2384
2882
2505
1990
1978
1916
1909
1861
1781
2796
3616
2146
1838
1829
2825
2891
2855
2737
1906
1807
1831
1793
1810
2674
2875
2570
2426
2380
2368
2380
2595
2142
2103
2162
2148
2212
2124
2117
2244
2266
2094
2769
2822
2756
2703
2390
2067
2108
2081
2213
2211
2869
3007
2861
2756
2793
2839
2201
1984
1884
1840
1903
1833
1782
1855
1890
2677
2869
2743
3573
2902
2139
1891
1736
2797
2947
2831
4138
2876
3682
2834
2733
2686
2942
2757
2816
2771
2852
2785
2780
2711
2871
2723
2023
1872
2160
1945
1882
2640
2782
2881
2775
2805
2939
2615
2914
2151
1819
2571
3125
2801
2539
2417
2545
2569
2467
2572
2320
2528
2306
2564
2135
2141
2170
2100
2148
2146
2134
2119
2094
2080
2082
2112
2099
2170
2080
2118
2835
2938
2473
2057
1954
2954
2822
2907
3765
2822
2989
2196
1891
1851
2780
2878
2721
2776
2878
2782
3064
2960
2829
2511
1963
1940
2010
1898
2051
2003
2000
1992
1958
1903
2487
2619
2838
2637
2319
2438
2494
2323
2532
2364
4433
2415
2536
2413
2475
2039
1837
2929
2414
2796
2607
2875
2584
1898
1875
1809
1925
1828
1854
2683
2385
1946
2753
2814
2873
2726
2913
2645
2563
2825
2940
2879
2854
2897
2809
2195
2965
2676
2399
2048
2847
2358
2125
2208
2169
2165
2126
2739
2834
2377
2134
2749
2871
2891
4102
2387
2538
2677
2310
2478
2480
2974
2994
3007
2330
2893
2594
2105
2864
2997
2963
3140
2751
2630
2396
2771
2584
2539
3050
3024
3138
3033
2574
2219
2195
2077
2281
2107
3118
3042
2376
2018
3065
2526
1972
2731
2693
2297
2023
2187
2877
2219
2230
2164
2257
2220
2343
2958
3062
2466
2202
4202
2558
2120
3134
2140
2514
2578
2941
2768
2721
2015
1868
1923
2897
3017
2159
1956
2915
2440
2446
3038
3115
2743
2515
2653
3073
2845
2896
2976
2320
1963
1686
1979
2856
2819
2289
2332
2491
2795
2619
2029
1827
1867
2762
2894
2283
2184
2125
2198
2185
3101
2880
2513
1968
2838
2441
2279
1909
3005
3081
3081
2913
2280
2037
3064
2793
2873
2942
2135
2136
2087
2123
2037
2154
2123
2151
2768
2825
2010
1811
1829
1985
2962
2844
2966
3003
2410
2747
2702
2478
2874
1929
2758
2837
2709
2403
2722
2705
2963
2957
3118
2143
1856
1877
1847
1823
1818
1860
1820
3087
3023
2276
1826
2841
3003
2951
2884
2744
2874
2993
2484
2496
2431
2491
2429
2454
2425
2413
3421
3284
2454
2433
2077
1802
1905
1901
1713
1747
2899
2238
1985
1828
1985
1834
1738
1786
2761
3017
3005
2481
2065
2010
2007
2071
1996
2036
1981
1857
2047
2094
2803
3007
3047
3057
2778
2639
2155
2794
2439
2223
2111
2210
2142
2053
2154
2118
2123
2759
2388
2378
2334
2434
2538
2499
2802
2898
3090
2836
2817
2852
2661
2839
2920
2802
2467
2876
2733
2897
3292
2219
2012
2016
2629
1965
1967
1920
1903
1997
2018
2047
2021
1965
2025
2092
2077
2197
2112
2063
2138
2786
2386
1879
1861
2035
2676
2838
2872
2111
2733
2208
2126
2036
1983
1841
1893
2657
2992
2971
2501
2086
1776
1847
1707
2757
2926
2798
2869
2861
2795
2124
1926
2148
3628
3019
2924
2610
2020
1947
1918
1899
1899
1936
1855
1957
2060
3973
3073
3256
2478
2009
1896
1726
1962
1828
1690
1885
1923
1820
2935
2852
2922
2848
2262
2044
1892
2090
1890
2069
1885
2939
2663
2737
2218
1809
1800
1819
1805
2887
2861
2907
2940
2352
1944
2788
2344
2909
2847
2906
2886
3163
2880
2953
2232
2014
2121
2027
2937
3119
2700
2211
2105
2333
2744
2950
2796
2815
2858
2852
3115
2885
2584
2745
2927
2386
2375
2418
2449
2385
1933
2865
3129
2285
2789
2972
2720
2966
1955
2955
2097
2031
1835
1877
2833
2967
2164
2144
1998
2001
1988
2786
2856
2857
2821
2479
2073
2939
2174
2922
2385
2232
2155
2182
2134
2876
3030
2776
2067
2138
2879
2913
3004
2449
1924
1922
1803
1780
1937
2201
2039
2277
2149
2205
2185
2127
2114
2094
2181
2086
2967
3844
2126
2854
2844
2556
2242
2147
2164
2166
2162
2234
2105
2093
1957
1868
1799
1681
2951
2751
2095
2013
1912
2492
2736
2698
2002
1811
2928
2957
2782
2783
2874
2518
2035
1723
1729
2995
3025
2347
2204
2103
2130
2205
2059
2165
2249
2126
2088
2063
2166
2056
2066
2539
1813
1913
2504
2201
2919
2902
3005
3057
2749
3084
2997
2909
2398
2138
2068
2936
2968
2193
1982
1855
1780
1760
1975
2771
2854
2504
2052
2821
3059
2224
2172
2116
2217
2170
1985
2181
2126
2134
2927
3039
2305
1973
2806
2799
2872
3999
2187
1898
1958
1964
1938
2878
2379
1988
1701
2817
2662
2863
2622
2111
1992
2862
2873
1999
1824
1861
1858
2703
2774
2853
2839
2337
1895
1843
1835
1815
1823
1972
2007
2071
2249
2822
2903
2091
1879
1779
2129
3019
2737
2893
2563
2896
3093
2716
2560
2660
2351
2390
2491
2123
2167
2151
2062
2225
2218
2126
2123
2078
2267
2090
2136
2133
2268
2241
3073
2135
2120
2191
2366
2844
2720
2860
2820
2793
2800
2754
2925
2828
2895
2667
3011
2825
2954
2045
1759
1846
1816
1830
1999
2032
2333
2267
2270
2250
2110
2138
2175
2257
3259
2089
2247
2301
2134
2233
2180
2216
2142
2163
2928
2253
2895
2818
2787
1838
1816
1826
2862
2910
2985
2739
2718
2481
1938
1802
1660
1739
1764
1738
2688
2786
2566
2395
2456
2787
2992
2940
2741
2981
2939
2514
1890
1805
2917
3006
3004
2946
2833
2819
2888
2852
2236
2832
4118
2452
2147
2902
2595
1991
2866
2331
2049
2135
2761
2846
2818
2063
1833
2887
2985
2779
3263
2978
2974
3102
2051
2096
2047
1944
1977
2048
2045
2014
1999
2715
3091
3130
2340
2397
2116
2049
1797
1728
1966
1712
1649
1766
1663
1774
1813
1751
3013
4331
2664
1956
1764
1806
1782
3048
3099
3077
2067
2231
2149
1981
2883
2758
3262
2527
2177
1868
1819
1645
1772
2910
2868
2313
2077
1857
1781
1887
2005
2058
1917
1895
1839
1784
1771
1750
1918
1975
1858
1779
1967
2240
2068
2108
2358
2704
2849
3193
3044
2835
3029
2836
2969
2363
1988
2727
2957
2179
2881
1954
3801
2954
2820
2951
2668
2049
1755
1915
2888
2837
2283
2438
2362
2568
2386
2456
2222
2093
1973
1991
2034
2815
2723
2971
2920
2147
2465
2537
2598
2884
2886
2179
2829
2786
1960
2661
2675
2861
2718
1958
2039
2019
1903
1904
1959
2831
3899
2882
2822
2537
2631
2700
2809
2212
1903
1931
1958
1877
1950
1949
1960
1977
2836
3019
2842
2801
2809
2774
2883
2588
1932
1895
1747
1830
1636
1737
1854
1702
1848
1724
1940
1765
1645
1713
1734
1831
2738
3062
2782
2753
2178
2625
2933
2743
2920
2810
2925
2173
1934
1946
1881
1808
2942
2844
2738
2831
2919
2774
3021
2414
2109
2124
2064
2828
2947
3067
2787
2765
2846
2836
2908
2180
2125
2160
2186
2993
2078
2150
2066
2149
2128
2148
2082
2156
2164
2111
2165
2197
2137
2041
2097
2128
2118
2104
2165
1972
1940
2030
1956
2059
2193
2241
2338
2122
2402
2297
1912
1842
1660
1862
2547
1686
1859
1791
1745
1835
1998
1910
1746
1801
1744
2165
1758
2047
2842
2928
3060
2972
2907
3376
2103
2177
2589
3216
3251
2785
3107
2188
1927
1904
1870
1912
1906
1872
2734
2912
2162
2834
2085
1880
1790
1741
1744
1780
1679
2403
2748
2914
2782
2967
2988
2906
3112
2846
2027
1751
2244
1905
1926
1746
2742
2794
2581
2071
1799
2796
2736
3135
2280
2010
1904
1914
2034
2065
3049
2877
2159
2564
2777
2913
3649
2055
2943
2730
2904
2279
1915
1789
1755
1825
2826
2761
2968
2049
2031
1788
1746
1854
2926
2907
2924
2439
2987
2232
2630
2087
2816
3040
2116
1936
1935
2057
2132
1894
1799
1848
2808
2917
3472
2836
2356
2218
2085
2113
2761
2864
2738
2776
2349
2773
2428
2171
1923
2089
2049
3034
2838
2476
2863
2296
1828
1787
1651
2762
2794
2787
2835
2426
1867
2761
2468
2093
2941
2841
2931
2828
2796
2902
3143
2566
2241
1863
1789
2681
2924
2841
2084
1945
1980
2852
2574
2056
1881
2869
2887
2780
2310
2697
2165
2099
2032
1896
2025
1882
2061
1985
1926
2032
1891
1974
1913
1993
1875
2022
1896
1957
1915
1861
1910
1935
1931
1974
1938
1962
1955
1935
2052
1882
1960
3056
3077
2800
2779
2868
3060
2006
1885
1933
2794
2938
2711
2887
2735
2785
2390
2067
2086
2227
2822
2962
2051
2571
3000
2770
2808
2844
2153
1915
1825
1785
1729
1750
1850
1933
1773
2054
2011
1935
1911
2059
1916
1996
2050
1992
2052
1969
1970
2031
2049
1991
1993
1986
2650
2640
2868
2377
2146
2720
3004
2793
1965
2652
2048
2802
2981
2879
3162
4929
2022
1975
1975
2916
2834
2422
2008
2904
2908
2976
2585
2020
1869
1944
1844
2055
2630
2399
1813
2779
2853
2674
3593
2942
2890
2918
2844
2879
2764
2812
2780
2953
2726
2188
1940
1992
1928
1935
2889
3029
2776
2759
2807
2899
2879
2760
2719
2990
2427
2040
1932
2340
2722
2621
2019
2941
2796
2828
2924
2822
2382
1894
2092
2691
2848
2376
2024
2793
2950
2872
1924
1963
1851
1852
2852
2388
2454
2938
2423
2448
2468
2301
2392
2339
2496
1998
1761
2832
2233
2729
2737
2815
2847
2917
2921
2481
2341
2429
2399
1958
1846
1833
2856
2182
2069
2170
2755
2663
2364
2534
2803
2826
2367
1892
2717
2856
2436
2687
2542
2825
2557
1967
1756
1765
3025
2939
2046
1899
2115
2774
2860
2222
2123
3010
3286
2356
2822
2900
2551
1913
1898
2027
1959
2947
2956
2717
2902
2883
2907
1918
1827
1737
1883
2783
2979
3031
2466
2068
2324
2151
2064
2141
2007
2156
2215
2100
2185
2122
2126
2047
2104
2805
2905
2804
3017
2848
2921
2735
2740
2450
2065
1910
1916
1929
1974
1884
1927
2083
2242
2401
2375
2421
2363
2372
2337
2519
2564
2126
1995
2010
2008
1978
2837
2875
1935
1785
1812
1901
2716
2751
2901
2827
2445
2006
1945
2817
2923
2874
2750
2773
2782
2551
1950
1823
1975
1798
2828
2842
2766
2833
2697
3011
2798
2838
2923
2114
1841
1783
2906
2922
2104
2171
2862
2919
2898
2592
2068
2181
2589
2103
2120
2815
2838
2270
2853
2684
2751
2939
2344
1987
1836
1844
1761
1892
2840
2879
2958
2987
2970
2854
2230
1849
1740
1865
2653
2860
2054
2582
2439
2369
5470
2355
1856
1794
2831
2738
3006
2011
1857
1807
1759
1746
2777
2838
2222
2910
2806
3259
2001
1807
3104
2795
2952
2728
2723
2835
2796
2991
2677
2918
2143
2117
2044
2717
2603
2903
2788
2776
2840
2393
1962
2642
2165
1857
1802
1784
1720
2771
2854
3019
3006
2667
2658
2856
2789
2792
2997
2366
2424
2300
2229
2250
2145
2136
2343
1902
1993
1928
2137
2772
2873
2963
2940
3074
2873
3077
2965
2049
1814
1784
1751
1857
1866
1830
1824
3037
3196
2874
2978
2811
2904
2858
2766
2867
3042
2114
1698
1702
1857
2784
2706
2060
1816
1723
1803
1713
1797
1796
1872
1754
2580
2788
2490
2016
2124
1736
2563
1663
1809
2710
2782
2927
2859
2547
2301
2030
1822
1889
2706
2887
3090
3086
2822
2486
2167
2253
2262
2250
1984
1885
1905
3005
2397
2032
1892
1949
1696
1870
1685
1759
1704
2788
2848
3565
2261
1938
1918
1804
1814
2883
3027
3413
2391
2698
2395
2749
2221
1872
1833
1797
2860
2918
2432
2523
2563
2782
2830
2938
2304
2032
1994
2781
2997
2930
2994
2779
2183
4046
2846
2356
2710
2871
2209
2181
1898
1967
2193
3012
2804
2880
3001
2742
2478
1963
2815
2650
2975
3098
2960
2854
2420
2843
2824
2119
1858
1973
1946
1972
1975
2874
2742
2732
3756
2855
2808
3031
2928
2957
2834
2795
2899
2964
2824
2316
1860
2789
2822
2877
2858
2148
1971
2926
2521
2347
2364
2393
2382
2924
2048
1949
1780
1876
2871
2809
2859
2152
1844
1745
1809
1844
2959
2748
2944
2715
2180
1966
2054
1913
2031
1913
1964
2008
1940
2018
2321
2892
2198
2205
2096
2805
2756
3082
2205
1939
1771
2940
2656
2219
2118
2073
3804
4177
2932
1940
1768
1693
1736
2751
2488
2272
3033
2838
2794
2890
2911
2725
2903
2887
1993
1995
2032
1923
1988
1892
2735
2855
2956
2815
2440
1920
2872
3042
2104
1886
1799
2732
2863
2829
2771
2948
2864
2120
1950
2499
1976
2473
2050
1819
1709
2760
2686
2814
4447
2978
2058
1949
1894
1891
1917
1932
2696
2081
2057
2228
2093
2144
2288
2176
2199
2283
2359
2276
2208
2783
2790
3065
2768
2825
2882
2874
2752
2935
2871
2840
2479
2101
1912
1994
2723
3120
3027
2798
2557
2705
2697
2892
2675
2043
1881
1907
1864
1822
1856
2758
2862
2797
2926
2843
3476
2997
2901
2864
2771
2113
1922
1984
2013
1937
2735
3227
2158
1884
1863
1698
2926
2628
2869
2725
2778
2207
2062
2023
1944
2714
3020
3369
2091
2869
2225
2069
2552
2960
3104
2468
2044
2797
2955
2866
3452
2026
2773
2266
1853
2515
2763
2721
2809
2415
2453
2190
1834
1780
2761
2097
2054
1954
1904
1804
1983
2733
2823
2560
1985
2085
3041
2732
2719
2945
2413
2610
2867
3127
3779
2884
2783
3015
2902
1913
1969
1893
1849
1840
1906
1854
2857
2905
2886
2170
1957
3126
2556
1928
1796
1888
1702
1757
1960
2599
2862
3066
3571
3033
2171
2146
2758
3010
2235
2073
2197
2217
2467
2377
2327
2435
1969
1748
1856
1812
1987
2135
2279
2866
3158
2155
2448
2341
2603
2836
2059
2964
2935
2557
2035
2818
2933
2857
2256
2849
2221
1871
1838
2842
2773
2767
2942
2037
2648
2756
2135
1918
3103
2824
2898
2812
2888
2022
1756
1666
2758
2684
2328
1778
2831
2766
3087
2117
1757
1759
1775
1763
1745
1735
1797
2933
2815
2826
2824
2819
2853
2735
2932
2243
2094
2104
2151
2810
2446
1955
2842
2791
2821
2217
1920
1817
1906
2197
2852
3015
2178
1949
1908
2699
2844
2788
2065
1861
2676
2911
3148
2133
1953
1733
1829
1715
2087
3071
3061
2728
1988
1967
1992
1828
1747
2015
1835
1680
1550
1599
1693
1724
2732
2881
2813
2858
2584
2737
2784
2864
2338
1879
1805
1786
2876
2962
2878
2932
2817
2215
1729
2725
2772
2332
2756
2792
2656
2015
2866
2934
2904
2966
2961
2993
2884
2857
2185
1849
1718
1873
2154
2034
2756
2867
2780
2862
2542
1983
1778
2887
2858
2757
2939
2832
2411
2018
2747
2794
2480
2744
2855
2892
2873
2152
1876
1848
1936
1931
3195
3225
2286
2006
2104
2858
4165
2872
2425
2129
1954
1834
3009
2896
2828
2761
2062
2477
2862
2926
2318
1730
1747
1818
1786
1829
1923
1765
1762
1704
1723
1727
1762
2491
2257
2100
2939
2771
2924
2826
2898
2248
1843
1744
1719
1783
1897
1697
2211
1883
1921
1726
2127
1926
1879
1801
2030
1828
2793
3019
2827
2767
2763
2918
2889
2446
2264
2620
2987
3130
2034
1901
1708
1756
1731
2834
2798
3030
2215
2241
2053
1966
1986
2004
1962
2870
2957
2042
3684
2906
2745
2115
1899
2948
2811
2829
2127
1813
1941
4018
2906
2367
2494
2520
2502
2692
2770
2702
2319
2895
2523
2259
2231
2955
2517
2373
2824
2769
2429
1995
2693
2562
2398
2736
2742
2944
2801
3053
2347
1972
1901
1763
1706
1716
1633
1740
2165
1702
2111
1814
1745
1726
2720
2859
2699
2830
2383
2196
2158
2075
2822
2839
2496
3064
3232
2355
2117
2922
2785
2802
2730
2102
2863
2750
2979
2763
2887
2875
2889
2428
2979
2847
2968
2837
2880
2896
2826
2614
2148
1958
2942
3112
2334
1858
1728
1545
1651
1643
1763
1656
1744
1650
1751
1705
1626
1646
1604
1688
2907
2703
3162
3089
2910
3021
2837
2862
2559
2392
2371
2411
2380
2389
2451
2406
2427
3978
1988
2741
2833
2802
2727
2873
2549
1903
1688
1757
1711
1744
1712
1699
1635
1665
1734
1805
1726
1745
1831
1659
1691
1621
1736
1733
1646
1648
1786
1761
1659
1626
2087
1799
1664
1696
1765
2843
3015
2751
2886
2356
2016
1875
1864
1842
1831
1789
2905
3049
2862
2288
2804
2862
3168
2963
3305
2994
2855
2163
1820
1778
1845
1764
2979
3031
2807
2839
1940
2494
2476
2911
3170
2876
2370
2212
2702
2770
2399
1963
2826
2785
2696
2373
2021
2814
2158
2758
2836
2852
2514
1970
1925
1838
2200
2805
2723
2779
2539
1907
1852
2764
2772
2864
2217
2948
2715
2750
2880
2702
2669
2405
1959
1936
1993
1949
2067
2051
1954
1961
1982
2285
2077
2004
1975
1941
1914
2034
1976
1934
1950
2045
2007
1983
1973
2087
1948
2021
1987
2028
1898
1998
1934
1986
2854
2818
2905
2967
2809
3173
2903
2460
2412
2369
2215
2066
2121
2173
2096
2300
2126
2153
2095
2133
2089
3045
2822
2898
3107
2972
2421
2084
1755
1806
2785
2678
2787
2714
2334
2457
2771
2590
2338
2367
2412
2704
2793
2900
2609
2691
2907
3133
2419
2479
1819
1795
1667
2971
2725
2815
2190
2853
2865
2370
2473
2620
2542
2612
2574
2541
2650
1913
1839
2759
2832
2892
2845
2801
2790
2831
2910
2797
2800
2688
2394
2670
2830
2168
1995
1815
1849
1809
2641
2795
2841
2801
2135
2686
2889
2796
2853
2651
3480
2795
2004
1887
1865
2673
2896
2393
2665
2824
2554
1944
2762
1952
2427
2013
2672
2853
2929
2909
2121
1761
1685
1701
1775
1729
1679
1703
2681
2808
2869
2206
1799
2888
2942
3008
2704
2891
2889
2912
2831
2766
2523
2722
3206
2294
1993
2027
2606
2746
2365
2006
2027
1874
2684
3106
2621
1884
1779
1896
1762
2849
2645
3036
2800
2851
2423
2362
1987
1858
1748
1969
2165
2136
2108
1830
1761
1767
1790
2239
2890
2742
3000
2757
2772
2748
2887
2277
1914
3265
3010
2869
2180
1871
1774
1755
1775
1656
1651
1749
2847
2791
3122
2886
2809
2784
2673
2943
2058
1973
1915
1873
2948
2774
2591
2738
2839
2866
2768
3145
2392
2385
2406
2225
2181
1942
1660
1654
1684
1640
1673
1937
1707
2858
2712
3035
2739
2877
2903
2873
2714
2651
1994
2662
2045
1928
2034
1985
2027
2095
1955
1938
2888
2831
3140
2797
3918
1996
2891
2963
2147
1969
2701
2738
2949
2896
2103
1802
1653
1637
2964
2724
2647
2406
2857
2851
2226
1954
1740
1764
2952
2760
2088
2863
2810
2758
2763
2409
3016
3013
2880
2948
3066
2868
2317
2104
2892
2853
2585
2129
2782
3033
2850
2882
2879
2262
1961
1989
1999
2028
1923
2891
2832
2192
1937
1869
2819
3017
3007
2772
3007
2266
1996
2030
1907
1739
1752
1792
1855
2648
3070
2861
2141
2012
2097
2148
2083
2145
2225
2981
3074
2602
2128
1987
1917
2004
1967
2149
2113
3029
3028
3077
2289
1904
1927
1789
1924
2195
2789
2806
2882
2945
2086
1926
1896
1916
2008
1861
2729
2397
2161
2751
2871
2971
2799
2820
2963
2859
2458
1934
1696
1814
1896
1694
1851
1721
2717
2872
2909
2800
2796
2577
2071
1831
1631
2801
2605
2889
2771
2606
2533
2397
1947
1793
2013
1855
1795
2123
2796
3133
2338
1990
1887
2754
2432
3019
1980
1902
1798
3060
2434
2062
2563
2090
1871
1763
1814
1807
2696
3117
3142
3194
2336
1935
1795
2887
2486
2115
2445
2026
1784
2644
2285
1976
1821
1916
2799
2308
2026
2022
2791
2965
2914
2994
2980
2176
1907
1885
1813
1655
1552
1847
1921
3074
2845
2882
2477
2195
2213
2078
2762
2828
2447
3006
2935
2350
2033
1837
2280
2859
2812
2127
2251
2491
2072
2043
1904
1985
1798
1868
2727
3418
2422
2533
2189
2571
2714
2571
2593
2492
2377
2628
2481
2707
2764
2413
2054
2032
2179
2179
2759
2920
2803
2881
3015
2576
2502
2840
2460
2452
2981
2753
2142
3086
2833
2650
2834
2172
2820
2517
2449
2402
2508
2439
2176
1940
1836
2906
3713
1795
1817
2795
2891
3069
2762
2954
2853
2200
1783
1863
1806
1808
1921
1909
3024
3145
3075
3352
1868
2023
1761
1803
2657
1895
1794
1658
1754
1722
1684
1704
1718
1754
1686
2706
2831
2657
1973
1805
1814
1878
1769
1892
1901
1831
1894
2157
1900
2758
2885
3071
2908
2820
2804
2893
2949
2520
2356
2380
2520
2382
2370
1979
1763
1586
1814
1722
1629
1803
1939
1881
1967
1938
2094
1943
2031
2487
1841
1776
1766
1868
1796
1642
1626
1734
1677
1720
1692
1634
1611
2074
2988
3105
2535
2604
1983
1878
1846
1828
1828
1943
1821
4673
1232
1214
1224
2132
2223
2268
2121
1916
1798
2619
1654
1755
1731
1813
2072
4542
2211
2130
2200
2623
1821
1831
1792
1717
1891
1978
2270
1501
2047
2162
2120
1729
1249
1307
1239
1332
1234
1270
1299
1193
1120
1175
1368
2496
2480
2213
1888
1663
1431
1345
1160
2349
2238
1677
1414
1273
2208
2058
2504
2057
1372
1205
1045
2292
1758
2108
1521
1485
1169
2143
2121
2084
1718
1425
1233
1283
2163
2164
2024
2233
2217
2350
2022
2143
2199
2157
1495
1536
1558
2430
2360
1523
1259
1255
1249
2075
1892
2205
1626
1464
1423
1216
1473
1477
1388
1496
1999
2199
2384
2276
2022
1416
1246
1159
2284
2326
2119
2342
2260
1726
1330
1437
2013
2071
2277
2190
1981
1717
1809
1987
1922
1599
1548
2202
2212
2193
1806
1563
1830
1792
1758
1725
1790
1805
1542
2198
2382
2211
1745
1294
1397
1305
1486
1242
1339
2253
2146
2225
2379
2185
2141
1563
2069
2119
2226
2170
2224
2181
1788
1493
2369
2255
2185
2326
1543
1217
1100
2195
2286
2262
1496
1959
2271
1569
1246
2334
2190
2233
2179
1284
1372
1282
2191
2152
2403
1562
1372
2282
1980
1645
2243
1578
1593
1463
2199
2472
2215
2203
1803
1424
2194
2195
1328
1207
2224
2223
2008
1511
1441
3014
2195
2137
2268
2236
1468
1445
1589
1553
2127
2328
2182
1853
1909
1388
1340
2055
2205
2205
1438
1300
1160
1116
1237
2177
2279
2263
2178
1801
2274
2159
2189
1610
2058
1674
1190
2206
1876
1842
2181
2104
2192
1488
1352
1322
1446
1315
1441
1376
1340
1284
1314
1270
2335
2272
2186
2229
2190
2222
2122
1848
1657
1649
2258
2161
2121
2177
1787
1851
1410
1192
2166
2156
2248
2174
1734
1387
1414
1240
1324
2531
2361
1481
1271
1188
2095
2260
2210
2204
2193
1736
2132
1646
2057
2199
1799
1430
1190
1130
1261
1460
1238
1259
1269
1339
1276
1317
1275
1255
1252
1257
1222
1170
1279
1281
1206
1244
1257
1271
1226
1308
1251
1271
1236
1423
1388
1353
1365
1379
2176
1435
1311
1269
1109
1072
2028
4181
1950
1830
1425
1427
2105
2100
1561
2137
2207
1534
1343
1269
1362
1317
1330
1402
1357
1392
1358
1476
1328
1283
1360
2236
2107
2156
2157
2161
2520
2407
1699
1319
1351
1173
1237
1514
1114
1173
1194
1316
1807
1253
1017
1295
1294
1233
1042
1166
1094
1154
2129
2286
2565
2098
2123
2326
2188
2116
1996
1439
2032
1737
1327
1252
1247
2342
1857
1444
1195
1444
2250
2152
1412
1248
1246
1332
1296
1295
1298
1423
1333
1166
2320
2162
1645
1420
1444
3044
2329
2482
1732
1468
1195
1302
2189
2069
1682
1325
1300
1131
1049
1216
2108
2238
1544
1846
2083
2396
2224
2073
2000
1575
1600
1661
2238
2001
2114
1682
1563
2003
2458
2417
1690
1251
1172
2143
1967
2093
2131
1753
1515
1432
1436
3251
2286
2223
2089
2144
1655
1441
2081
2499
2359
1675
1902
1486
1519
1547
1615
2139
2192
2046
2106
1598
1515
2302
2153
2058
2116
2155
2072
2201
1576
2274
2144
2110
2291
1734
1515
2212
2126
2088
2298
2192
2118
2210
2209
2069
2095
2301
2203
1521
1679
2108
2143
2235
2264
2165
2179
1444
1884
1846
2016
2095
2360
2273
2066
2205
2394
2201
2005
2204
2164
2198
1567
1289
1977
2025
2227
2167
2198
2163
1426
1370
1269
1502
1439
1378
1307
1232
2166
2040
2158
3091
2185
2138
2132
2129
2086
2193
2249
2265
1406
1312
2169
2349
2189
2236
2167
2466
1669
1354
1247
1145
1174
1016
2043
2006
1773
1530
1694
1288
2009
2168
2044
2131
2165
2183
2540
1515
1248
1319
1367
1246
2180
2233
2349
2154
2187
3697
2233
2225
2223
2546
1469
1388
1401
1350
1214
1401
2044
2144
1447
1313
2130
2014
2128
1615
1507
1422
2017
2502
1884
1810
1362
1219
1459
1083
1109
2179
2389
1613
1483
1296
1156
1453
1147
1087
1119
1122
1149
1142
2244
2504
2387
1654
1171
1195
1155
1341
2139
2361
2197
1697
1732
2885
1821
1493
1483
1360
2195
2138
2213
2199
2345
2202
1852
1962
2162
1834
1996
1800
1944
3116
2183
2199
2391
2179
1768
1394
2243
2334
2171
1883
1623
1817
1315
2086
2222
2150
1698
2481
2247
2231
1815
1848
1547
1899
2181
2043
1907
1532
1386
1409
2133
2205
1837
1812
1661
2329
1456
1378
1220
1319
1234
2282
2205
2144
2217
1559
1350
2457
2258
2149
2422
2328
2166
2059
2379
1622
1924
2204
1505
1151
1184
1630
1286
2123
2128
2313
2092
1460
1465
2061
2076
2209
2113
2196
2271
1240
1335
1364
2132
2172
1951
1510
1373
2667
2389
2157
2147
1868
1250
2099
1528
1358
1238
1165
2117
2171
2219
2179
1462
1409
1230
1359
1290
1768
1844
2488
2264
2089
2266
1909
1484
1496
2130
2025
2260
2104
2234
2083
2212
2451
2422
2096
2097
2210
2134
2282
1410
1258
2182
1839
1446
1253
2053
1977
2026
2217
1432
1273
1139
1156
1141
2168
2138
1842
1472
1315
1415
1322
1390
1472
1379
2566
1306
1327
1497
1309
1408
1306
1336
1533
2130
2135
1836
1379
1522
2231
2393
2166
2175
2174
2091
1493
1268
1277
1137
2185
2214
1906
2076
2100
2177
1756
1423
1326
1234
1247
1287
1244
1296
1257
1340
1286
1186
1313
1288
1247
1592
1357
1498
1437
1462
1399
2057
2160
1775
2076
2382
1817
1800
1884
1779
1739
1381
1220
1322
2107
3610
2085
2209
2110
1870
2108
1699
1759
1704
1918
2132
2052
2091
2047
2113
2049
2187
2178
2150
2065
2155
2281
2227
2094
2118
2506
2032
2195
1750
1765
1747
1526
1271
1234
1228
1271
1230
1281
1176
1269
1194
1294
1257
1338
1236
1263
1259
1285
1627
2129
1800
1526
1270
1356
1299
1534
1642
1507
1604
2180
2138
2086
2230
1466
1832
1876
1831
1951
1881
1526
1785
1245
2020
2377
1553
2094
2150
1966
1439
1767
1411
1164
2187
1425
1183
1436
1080
1332
2065
2134
2015
2643
2163
1948
1841
2180
2438
2322
2122
2089
1472
1500
1350
1407
1524
1457
1378
1428
2102
2088
1852
1825
2395
2055
2283
2686
2281
2225
2257
2154
1796
1354
1271
2286
2254
1803
1352
1744
1935
2027
2150
1797
2036
2013
2189
2189
2272
1513
1320
1275
1311
1240
1263
1255
1221
1763
2211
2181
2120
2059
2484
1848
1264
1195
1180
2014
2210
1808
1504
1375
2014
1730
1346
1179
1553
2187
2249
1686
1662
1809
1703
1926
1951
2218
2222
1731
1769
2112
2085
2180
2092
2169
1546
2158
1814
1434
1512
1451
2124
2070
2184
1717
1332
1248
1313
1250
2254
1648
1196
2360
2085
2160
2115
2130
1477
2511
1643
1844
1378
1654
2361
2190
1682
1337
2200
2228
2182
2144
2108
2189
2278
1473
1281
1281
1351
1319
1362
1323
1386
1357
1353
1393
4752
2135
2164
1863
1855
1776
1818
1823
1739
1726
1502
1262
1195
1118
2147
2108
2255
1819
1692
2043
1944
1391
2159
2285
2163
1566
1558
2070
2304
2095
1582
2204
2231
1632
1414
1237
2026
2121
2185
2273
2079
2267
2319
2142
1741
1804
1914
1467
1247
1843
1316
1203
1149
2485
2309
1443
2200
2058
2068
2128
2092
1828
1291
1277
2239
2139
1496
1319
2255
2143
2064
2169
2272
2040
2165
2134
2315
2089
2181
2545
1784
2075
2357
1855
1337
1169
1203
2138
2162
2146
2134
2181
2203
2161
1515
2050
1827
1325
1279
2262
2161
2325
2746
2806
2457
2293
2106
2177
1833
1217
1261
1162
1168
2276
2251
2183
2195
2231
1704
1995
1779
2059
1920
2103
2079
1476
1158
2267
2033
2330
2214
2281
2042
2284
2089
2253
2022
2518
2152
1466
1556
1561
1475
1523
1418
2425
2449
1609
2120
1953
2209
2198
1677
1615
1365
1655
1311
1239
2131
2032
3639
1517
1351
1970
2238
2084
1529
1204
1265
2270
2749
2053
2236
2262
1388
2253
2160
2242
2211
2028
1661
2787
2074
2099
2184
1979
1390
1218
1305
1227
1365
1293
1377
1243
1278
1255
1329
1197
1327
2180
2078
1347
1092
2035
2104
2060
2165
1479
1410
1678
1499
1592
1597
1624
1726
2234
2177
2283
1499
2188
2228
1736
1263
1148
1224
2233
2234
1903
1403
1380
2507
2095
2003
2090
2192
2278
2180
1974
1783
1799
1816
1838
1609
1408
1213
1164
2186
1483
1268
1185
1131
1154
2201
2465
2135
2194
2246
2040
2333
2189
2235
2092
2055
2366
2501
1839
2158
2250
2108
1762
1324
1257
2220
2367
2131
2056
2293
2038
2192
2189
1569
2348
2333
2108
1996
2109
2103
2156
2380
2427
2516
1490
1402
1648
1220
2217
2245
1725
1645
1663
1762
1540
1294
1357
1344
1472
1356
1492
1510
1592
1606
1583
1647
1672
1587
1539
1357
1519
1439
1502
1394
1585
1411
2240
2161
1771
1416
1358
1965
2207
1902
1509
2101
2130
2073
1530
1325
1141
1152
1115
1222
1195
1215
2278
2124
2434
1477
1482
1480
2120
2220
1472
2095
2094
2117
2169
1596
1153
1208
1222
1160
1218
1142
1196
1267
1417
1303
1409
1499
1359
1372
1385
1398
1361
1383
1361
2139
2326
1554
1661
2250
1971
2068
2042
1585
1286
1297
1264
1256
1257
1338
1183
2082
2284
2185
2223
2165
2149
2035
2111
2303
2092
2180
2272
1692
1518
1522
1587
1459
1467
1513
2039
1452
1532
1471
1636
1555
1518
1471
1497
1649
1489
1491
1427
1564
1530
3474
1592
2073
2141
2239
2446
1795
1523
1333
2198
2224
2219
2061
2206
2142
2127
2352
2146
1435
1236
1231
1261
2555
2084
2131
2101
2133
1508
1224
1093
1097
1106
1096
1258
2065
2113
1970
2146
1734
1229
1902
1712
1937
2110
2126
2118
1727
2031
2363
1753
1494
2138
2205
1729
1295
1393
2132
2252
2193
1748
1361
1275
1168
2442
2174
2266
1341
1280
1553
1156
1303
1944
2244
2154
2180
4684
1779
1734
1927
1698
1635
1342
1331
1319
1346
2140
2189
1617
1225
1103
1164
1430
2422
2176
2189
2455
2185
1335
1168
1208
1065
1204
1115
2144
2126
2115
2179
2071
1770
1782
2103
1493
1571
1322
1509
1393
2372
2403
2045
2090
2175
1714
1315
1256
1240
1256
1271
1259
1321
1242
1277
1331
1293
1775
1220
1346
1366
1188
1418
1534
1580
1503
1605
1591
1627
2212
2163
2499
2125
1789
1729
1692
1779
1803
1724
1851
2077
1779
1376
2076
2129
2052
2214
1753
1372
1275
2039
2218
1563
2113
2022
2165
2254
1817
1828
1822
1663
1824
2183
1732
2019
1928
1674
1806
1837
1698
1960
1766
1792
1797
1745
1805
2206
2255
2003
2163
2048
2236
2126
2312
2135
2176
1985
2365
2160
2095
2016
2442
1788
1338
2264
1824
2138
1747
2129
2235
2120
2278
1488
1388
2143
2262
2165
2137
2488
2048
2149
2174
2138
2219
2190
2172
2097
2423
2079
2182
1963
2085
2142
1704
1195
1241
2261
1674
1566
1731
1752
2146
2164
2122
2033
2107
1751
1492
1836
2161
2220
2225
1785
1418
1310
1111
1175
2068
2516
2751
1238
1218
1178
1140
2297
2338
2242
2140
2207
2295
2094
2218
2202
3599
1476
1352
1399
1420
1255
1351
1386
1547
1758
1559
1704
1557
1379
1516
1295
1270
1335
1373
1368
1379
1357
1421
1333
2352
2147
1376
2213
2092
2164
2273
2211
2209
2120
2301
1969
1387
1244
1180
2093
1624
1194
2205
2198
2288
2159
2241
1499
1644
1457
1341
1326
2189
2121
1694
1414
2079
1843
1375
1317
1340
1285
1333
2180
2159
1663
1350
2108
2430
3154
2105
2101
2316
1550
1245
2042
2205
1693
2042
2191
1834
1320
1133
1174
1158
1236
1111
2138
2827
2387
1975
1694
1774
1743
1921
1835
2136
1324
1262
1287
2152
2077
2351
2055
2108
2312
2189
2276
1545
1421
1386
1402
1357
2144
2277
1938
1269
2098
2943
2383
2123
1831
1764
1769
1568
1327
1265
2076
2448
2414
1386
1349
1451
1535
1488
2050
2416
2094
2258
2262
1611
1427
1249
1350
1313
1308
1430
1400
1428
1617
1550
1752
1590
1710
1653
1609
1714
1624
1705
1534
1481
1459
1373
2175
2200
1946
2205
2229
2165
2325
2210
2382
2136
2278
2306
1930
1351
1157
1223
2113
2247
2072
1424
1260
1249
2058
2189
1496
1948
1772
2034
2125
2274
2401
1731
1963
2124
1237
1632
1407
1313
1415
2168
2140
2235
2216
1800
1769
2225
1993
2100
2086
2267
1482
1636
1557
1345
1233
1222
1199
1254
2196
2149
2037
1581
2137
1577
1511
1474
1530
1540
1466
1539
1556
1541
1600
1449
1574
1540
1524
1554
1423
2150
2005
1354
1362
1381
1102
1190
1307
1231
1270
1384
3568
3143
1751
1849
1511
1573
1497
1565
2181
2009
1813
1898
2102
2030
2003
2192
2184
2299
2213
2151
1620
1189
2230
1532
1389
1387
1455
1477
1535
1562
2052
2545
2102
2111
2111
2285
1399
1136
1287
2183
2151
1807
1755
1860
1323
2221
2192
2186
2205
1784
1795
1757
1829
1643
1669
1528
1711
1534
1505
1446
1612
1626
1735
1757
1772
1800
1725
1790
1771
1711
1877
2189
2292
1479
1927
1771
2040
2226
2101
2180
1670
1390
1327
2246
2109
2201
2229
2239
2218
2118
2369
2367
2158
2240
1792
1628
2118
2096
1864
1304
1139
2242
2220
2220
1537
1328
1130
2190
2266
1441
1504
2331
2108
2203
2152
1717
1930
2063
2479
2180
2079
2046
2065
2189
1476
1251
1332
1251
1338
1190
2059
2265
1518
1398
1474
3071
2242
1785
2113
2147
2059
1353
1245
1272
1367
1257
1200
1296
2119
1999
1857
1451
1262
1411
2081
2293
1990
2309
2289
2132
2013
2036
1338
2298
1616
1337
1254
1138
2133
2055
2183
2238
2047
2121
2198
1743
1864
1795
1772
1841
2026
2392
2035
2285
2067
2156
2173
1511
1281
1387
1161
1202
1406
1425
1353
1442
2221
2049
2094
1981
1486
1552
1456
2170
2135
2312
2384
1940
1413
1224
1342
1257
1321
1209
1254
1303
1213
1162
1358
1313
1366
1378
1417
1311
1339
1340
1321
1332
1405
1273
2034
2286
1517
1350
1289
1977
2205
2012
2062
1768
1753
1185
1222
2202
2220
2429
2066
2030
1543
2165
1586
2027
2212
2259
2250
1985
1936
2237
1764
1385
1482
2046
2086
2093
2328
1691
1281
1855
2217
3095
2164
2133
2308
2235
2200
1999
2237
1564
1210
1231
1254
1156
1231
1212
1222
1174
1326
1225
1326
1184
1213
1245
1510
2064
2124
2317
4805
1893
1355
1236
2071
2069
2080
2180
2210
2044
1545
1472
1497
1457
1523
1490
1514
1361
1309
1262
1256
1980
2212
2103
2146
2375
2236
2267
2347
2058
1454
1188
1207
1289
1303
1204
1224
1183
1200
1252
1262
1365
2066
2100
1456
1202
1218
2052
2239
2395
2105
1495
1428
1340
1454
1385
1299
1329
1422
2101
2234
1414
2188
2095
2180
2219
1622
2231
2593
1990
1722
1769
1857
1774
1651
1798
2229
2142
2437
1493
1257
1171
1251
1215
2220
1190
2439
2157
2347
2214
1588
1349
1748
1699
2081
2233
2878
2170
2162
2116
2117
1935
1434
2105
2172
2101
3170
2383
2276
1554
1222
1341
1221
1277
1238
1308
1186
1284
1318
1278
1265
1285
1290
2069
2295
2237
2258
2359
2112
2111
1711
1360
1151
1201
1084
1160
2323
2318
2066
1360
1281
2113
2240
2163
2202
1759
1436
1338
1405
1287
1308
1327
1319
1290
2224
2013
1721
1350
1186
1266
2080
2324
2226
2019
2020
2085
1272
1201
1284
1109
1151
1184
2070
2021
2283
2355
1512
1177
1238
1278
1578
2251
1612
1364
1982
2224
2093
2509
2211
1519
1301
2207
2090
2125
2371
1759
1315
1333
2254
2112
2251
2074
1505
1341
2170
2150
2144
2153
2249
2207
1807
1502
2086
2162
2190
2093
2127
2159
1532
1365
1357
1295
2056
2272
2225
1621
1288
2177
2199
2214
2173
1433
1306
2300
1435
2053
2291
2184
2270
2608
1265
1279
1237
1276
1296
1377
2087
2194
2076
2044
2159
2186
2412
2261
2131
1769
1311
1496
1347
1457
1334
1360
1291
1381
1390
1374
1360
1244
1381
1385
2116
2245
1494
1369
1110
2095
2386
1635
1349
1208
2142
1567
2016
2405
2084
2275
2010
2072
2133
2227
1778
1372
1270
2013
2272
2072
2211
2347
2198
1594
1267
2095
2120
2496
2165
2065
2391
2335
2142
1874
1834
1783
1880
1492
1155
1078
2079
2014
2227
2070
1701
2076
1788
1991
1768
1794
2113
2049
2256
2169
2118
2113
1807
1391
1300
1234
2042
1547
1413
1252
1282
2117
2325
2117
1596
1271
1172
1173
1218
1215
1160
1185
2353
2411
2145
2109
2188
2127
2216
2060
2238
2433
1495
1231
1175
1198
1393
1216
1374
1275
2759
1990
1382
2200
2123
2149
2196
2045
2360
2117
2341
2199
2131
2314
2223
2466
1527
1331
1256
2453
2221
2189
2058
2064
2191
1514
1461
1538
1574
2142
1935
1363
1247
1144
1088
1166
1127
1180
1361
1441
2155
2017
2230
2252
2216
2165
1525
1247
2065
2038
2501
2110
2248
2087
2165
2371
1760
1924
1760
1890
1822
1781
1736
1508
1185
1124
2146
2171
1822
1558
1540
1437
1665
2159
2183
2189
2136
2214
2097
2385
2048
1623
1292
1385
1375
1329
1311
1354
1333
1306
1373
1359
1346
2198
2141
1890
1766
1840
2071
2108
2048
2226
2329
2276
2046
2142
1696
1517
1578
1606
1541
1404
1524
1677
1449
1498
1477
1519
1545
1676
1518
1504
1483
1568
1459
1514
1382
1180
1222
1224
1283
1158
3271
2307
1894
2093
2238
2264
2273
1799
1325
2107
2062
2059
1751
2386
2321
1832
1458
2192
2259
1482
1354
2278
2242
2267
2210
1507
1266
1246
2110
2475
2173
2070
2059
2132
2106
2467
2403
1602
1296
1236
1907
1274
1854
1825
2369
2605
2059
2269
2289
1427
2104
2181
2289
2085
2138
2211
2222
1754
1408
2184
1447
1218
1222
1155
2228
2222
2475
1980
1431
1227
1202
1177
1127
1211
1226
2087
2096
2092
2085
1897
1413
1138
2216
2106
2233
1702
1256
1165
2443
2056
2140
2143
2320
2221
2212
1751
1394
1192
1209
1154
1154
1128
1159
1130
1139
1226
1126
2370
2145
1523
2187
2020
2194
2184
1896
1317
1820
1756
1932
1339
1163
2159
2096
2034
1427
1488
1413
1575
1658
1438
1439
1838
1540
1432
1501
1418
1519
1523
1573
1701
1628
2527
2466
1651
1214
1229
1185
2105
2077
2210
2047
1433
2073
2186
2114
2177
2123
2402
1429
1255
1240
1225
2169
2234
1809
1534
1423
1539
2320
1472
1748
1541
1514
1601
2040
2108
2135
2186
2065
1772
1530
1344
1368
1407
1366
1302
1312
1306
1336
1359
1328
2032
2270
1760
1338
1293
1298
2215
2150
2275
2100
2296
2154
2333
2199
2309
2175
1593
1261
1227
1288
1298
1345
1232
2105
2065
1889
1388
2185
2161
2150
2168
1409
1330
1280
1351
1385
1306
1351
1418
2174
2255
2195
2178
1994
2245
1983
1324
1333
1322
1292
1322
1234
1390
1586
2000
2313
2470
1896
1342
1143
2241
2167
1522
1659
2150
2452
2084
2209
2127
1934
2030
2140
3867
2168
2137
1765
1254
1240
1158
1183
1247
1198
1228
2439
2297
2312
2102
2294
2451
2500
1587
1388
1414
1361
1343
2015
2184
2504
1556
1322
2059
2211
2251
2254
2432
1484
1234
1289
1337
1178
1201
1310
2101
2060
1433
2127
2080
2315
2137
1785
2164
2335
2067
1757
1449
1445
1298
1398
1384
1448
1377
1388
1355
1433
1402
1312
2250
2061
2189
2163
2242
2112
2309
2205
1440
1283
1567
2183
1777
1246
2154
2127
2329
2344
2249
2047
1484
1278
1258
1246
1303
1262
1281
2133
2376
1447
1228
2032
2135
2213
2102
2176
1613
1272
2210
1372
1951
2233
2150
2353
2447
1677
1350
1163
2273
2199
1460
1281
2690
2386
2363
2253
2178
2155
1423
1244
1548
1999
1536
1307
1129
2131
2300
2954
2498
2056
2157
2206
2210
2100
2104
2245
2686
1697
1814
1713
1805
2146
2184
2117
2233
2558
1506
1752
1299
1654
1316
2350
2280
2366
2229
2368
2253
1682
1326
1271
1304
2117
2281
2048
2214
1672
1833
1773
1840
2251
2214
2441
1345
1510
1356
1229
2021
2290
1725
1576
1622
1518
2172
2301
2062
1922
2174
1653
1285
1196
1512
2263
2162
2220
2158
2152
2233
1675
1223
1195
2160
2197
2111
1360
1362
2157
2180
1986
1554
1613
1478
1626
1509
1480
1605
1505
1578
1620
1476
1550
1545
1628
1492
1505
1734
1452
1530
1496
1527
1435
1475
1294
1332
1297
2149
2275
1624
1736
1740
1704
1966
2252
2120
2117
2359
1429
2034
2062
2132
1728
1639
1575
1608
1593
1559
1579
1590
1593
1648
1529
2007
1556
1470
2079
2350
2390
1600
1369
1322
1337
1212
1201
1236
1178
1447
1491
1548
2033
1862
2107
1742
1815
1701
1752
1757
1843
1435
1312
1348
1369
2241
1443
2323
2258
2205
2051
2129
2194
1528
1303
2136
1493
1244
1181
1152
2081
2181
2451
2522
1713
1226
1232
2057
2076
2251
2216
1388
1214
1426
1325
1010
1221
2114
2314
2341
1539
2150
2234
2092
2165
2137
2039
2075
2083
1340
1277
1228
1261
2107
1993
1852
1694
1816
2024
2214
2216
2236
2280
2095
1357
2140
1738
1319
1236
2150
2153
2094
2190
2272
2045
2136
2196
2192
2002
2087
2200
2295
2148
2149
1985
1477
1258
1058
1216
2101
2154
1694
1354
1233
2071
2147
2333
2130
1958
1704
1697
1705
2104
1748
1405
1406
1392
2044
2323
2125
3418
1661
1512
1765
1913
1736
2041
1950
2116
2033
2286
1588
1255
1653
1313
1209
1183
2278
2079
2196
2108
2042
2185
1569
1272
1939
1386
1946
1879
1904
1877
1880
1875
2074
2127
2260
2281
2257
1963
2127
2283
2109
1700
1409
1179
1405
2122
2140
2118
2120
2361
1594
2210
2105
2112
2358
2147
2133
2229
2139
2177
2361
1530
1367
1385
1359
1289
1275
1537
2176
2214
1675
2048
2368
2474
2127
2039
2152
1448
2215
1630
2032
2089
2154
2220
2311
1503
1270
1203
1195
1216
1255
2197
1364
1369
2126
2249
2099
2149
1728
1777
1733
1650
1720
2026
2093
2148
2191
2073
2290
2124
2197
1742
1549
1525
1653
2060
2246
1316
1310
2195
2054
2258
2048
2209
2259
2146
1653
1349
1275
1151
1167
3040
2382
2090
1678
1328
1448
1349
1690
2063
2161
2153
2086
2052
2271
1627
1450
1592
1503
2207
2112
1737
1378
2252
2051
2255
2316
2202
2258
2473
1833
1676
1492
1450
1561
1551
1484
1532
1494
1544
1545
1633
1515
1431
1621
2216
2406
2147
1884
1313
1178
1292
1246
1171
1246
1241
1208
1193
2224
2236
2268
2165
2286
2102
1502
1983
2211
2132
1809
2035
2271
2191
2179
2307
2376
2037
2261
2110
2205
2067
1757
1373
2334
2215
2073
2246
2174
1753
1879
2042
1809
1404
2071
1915
1589
1287
1185
1897
1481
2123
3563
2154
2175
2207
2175
1641
1452
1348
1316
1233
1368
1426
2138
2120
2079
2154
2414
1893
1244
1257
1297
2128
1678
1264
2126
2094
2101
2179
2060
2056
2322
2299
2161
2108
1978
1353
2217
2031
2190
1791
1407
1132
1267
1209
1151
1177
2207
2034
1516
1232
2251
2232
2076
2194
1705
1511
1334
1509
1513
1560
1708
1654
1497
1616
1230
1277
1125
1242
1152
1265
1135
1267
1229
1145
1230
1491
2031
2174
1742
1825
1971
1955
1734
1535
1482
1477
1535
1579
1421
1431
2092
2148
2272
2197
2119
1700
2079
2157
2074
2188
2254
2259
2182
2297
2168
2164
2052
2268
2111
2149
2150
1509
1355
1458
1399
1589
2005
2304
1824
1588
1356
1530
2165
2272
1626
1244
2187
2268
2128
2351
2518
2027
1373
1432
1425
1400
1375
1377
1250
1290
1343
1366
1468
1630
1678
1704
1730
1567
1617
1984
1623
1383
1549
1568
2227
2173
2484
1650
1240
1208
1288
1252
1297
2065
2084
2089
2155
2145
2585
1716
1536
1790
1541
1532
2142
2078
2144
1729
2089
2218
1755
1503
1352
1285
1227
1278
1238
1255
1243
1262
1212
1414
1289
1232
1207
2178
1306
1961
2067
2213
2131
2146
1867
1901
2021
2290
1435
2123
1997
2316
1753
2101
2160
2247
2140
1530
1406
1366
1375
1340
1414
1359
1399
1367
1972
1461
1417
1245
1374
2031
2164
2062
2490
2492
2245
2249
2248
1503
1934
1889
2231
2065
2301
2384
2141
2193
2106
1498
1218
1194
1207
1114
2390
2143
2180
2225
2159
2088
1877
1775
1819
1871
1725
1854
1715
1791
1751
1555
1238
1294
1327
1996
1368
1432
1271
2059
2186
2200
1801
1494
2158
2217
1600
2194
2179
1433
1311
1296
1207
1201
1146
1146
2087
2221
2178
2438
1314
2107
2183
1980
2238
1612
1447
1585
1262
2357
1785
2031
2216
2180
2131
2055
2141
1306
1224
1167
1192
1206
1180
1224
1163
1109
1211
1179
1234
1538
1280
1355
1305
1293
1431
1382
1433
2379
2441
1665
2042
2249
2249
2172
1655
1337
1288
1364
1254
1331
2156
2084
2070
2173
1768
1342
1398
1357
1650
2104
2146
2217
2235
2084
2135
1630
1656
2102
2300
2131
2245
2166
2134
1484
1259
1093
1124
2168
2246
2108
1474
1889
1417
1809
1599
1675
2037
2292
1553
1242
1156
1187
1184
1175
1168
2171
2283
2379
2241
2100
2053
2425
2150
1590
1283
2047
1749
1807
1448
1425
2277
2068
2163
2092
2124
1839
1287
2070
2072
2414
1796
1806
1745
1774
1649
1806
1397
1289
1313
1185
1268
2150
2325
2142
1814
1665
1865
1736
1568
1484
1370
1304
1358
1246
1807
1421
1407
2221
2054
1284
1938
2179
2092
2344
2150
1541
1297
1369
1298
1261
2255
2400
2199
2080
1808
1895
1294
1186
2113
2123
2298
1569
2243
2003
1396
1966
1365
2197
2136
2277
2756
1504
1451
1662
1819
2181
2115
2256
2137
2453
2254
2218
1585
1182
2048
2895
2188
2019
1964
2251
1644
1368
1189
1309
1988
2221
1572
2120
2237
1907
1615
1242
1185
2162
2232
2181
2167
2193
2011
2049
2009
1590
2273
1685
2125
2056
1700
1361
1187
1577
2157
2218
2012
2086
2827
1776
1685
1759
1676
1764
1816
1679
1875
2080
2338
2110
2288
2241
2137
2228
2177
2251
2141
2405
2415
1696
1351
1173
1210
1151
1247
1294
1094
1102
1063
1073
2055
2114
2271
1763
1401
2167
1644
1448
1550
3011
2229
2198
1804
1412
2098
2132
2013
2188
1748
1357
2215
1500
1252
2211
2180
2328
3109
2153
2186
2132
1891
1434
2003
2160
1681
1931
2084
2181
2293
1886
1704
1784
1803
1386
1309
1335
1338
1315
2226
2094
2422
5005
1663
1511
1520
1458
1437
1576
1702
1618
1654
1554
1428
1510
1480
1500
1580
1448
1962
2141
2300
1803
2192
2252
2160
2263
1788
1771
1793
1798
1988
1363
1315
1295
1373
1464
1370
1344
1457
2196
2156
2185
2172
2234
2112
2035
2348
2136
2148
1751
1425
2300
1623
2065
2088
2139
2695
2189
2111
2343
1627
1348
1330
1322
1200
1365
1317
1282
1402
1722
1304
1376
1331
1390
1335
1428
1579
1523
1614
2156
2115
2107
1904
2223
1811
2325
2083
2061
2331
2103
2212
2180
1746
1399
1838
2293
2241
1711
1722
1684
1704
1792
1344
1224
1206
2188
2162
1701
1357
1168
2083
2108
2231
2089
1807
1373
2393
1493
1215
1174
2211
2069
2172
2254
2179
2260
1925
1544
2038
2499
1806
1392
1324
1999
2332
2304
1480
2197
1728
1339
2197
2381
2054
2045
2234
2322
2131
2121
2119
2288
2036
2107
2259
1530
1459
1554
1446
1496
1490
1478
2156
1448
1631
1613
1545
2288
2176
1823
1415
1264
2230
2081
2112
2147
1720
1414
2595
2075
2059
2096
1275
1241
1147
1140
1171
1095
1143
1203
1168
2269
2103
2335
2248
2032
2407
1767
1943
1808
1790
1721
1725
1492
1434
1318
2106
2222
2004
1879
1317
1864
1270
1772
1477
2056
2184
1691
1241
1142
2264
1447
2181
2043
2216
2521
2336
1383
1289
1664
1430
2206
2176
2093
2169
2137
2136
2165
2185
1456
1297
1306
1323
1218
1288
2049
1847
1297
1462
2107
2165
2228
2237
2215
2318
1598
2140
1937
1471
1865
2525
2191
2216
2253
1819
2216
2101
2173
2353
2369
1940
1775
1329
1327
1190
2156
1463
1592
1422
1407
2088
2377
1700
1302
1202
1232
1191
1119
1246
1307
2120
2237
1527
2100
2299
2454
2255
2107
2216
2186
2305
2087
2141
2100
2275
1458
1554
1988
1143
1204
1186
1320
1298
1362
1283
1356
2175
2344
2171
1512
1317
1378
2268
2230
1659
1282
1214
2059
2286
2205
2073
1720
1378
1251
1238
1188
1240
1390
1352
1577
1512
1676
1630
1496
1541
1492
1341
1447
1384
1334
2134
2129
1589
1250
2203
2104
2172
2226
1531
2351
2240
2256
2098
2661
2247
1592
1197
1405
1282
2113
2159
2128
2126
1569
1988
2110
2066
1507
1458
1347
1413
1561
1252
1738
1326
1609
1656
1608
1620
1667
1638
1289
1281
1343
1363
1295
1217
1327
1278
1312
1327
1300
1379
1311
1260
1279
1309
1297
1386
1311
1323
1272
1372
1434
1409
2029
2182
2064
2262
4645
2187
1500
1977
2466
2368
2120
2284
2235
2352
2188
2169
2178
1511
1547
1474
2192
2089
1418
1471
3736
1992
2134
2186
1613
1817
1838
2118
2057
2086
2350
2304
2091
2343
2396
2201
2096
2329
1783
1332
1188
2264
1517
1510
1455
1360
1442
1565
2279
2065
2284
2169
2132
2207
1542
1244
2236
3346
2314
2130
1767
1323
1383
1376
1347
1313
1350
1276
1389
2015
1734
1461
1856
1993
2052
2930
2218
2158
2408
2256
2948
2210
2315
1759
1525
1182
2356
2427
2331
2104
2414
2399
1828
1306
1420
1272
1339
1296
2110
2193
1523
1282
2095
1964
2193
1468
1258
1136
1234
1130
2237
2163
1781
1371
1379
2344
2139
2134
1740
1552
1470
1701
2108
1806
1329
1104
1154
1293
1211
2238
2126
2223
2488
1527
1304
1333
2153
1755
2051
2012
2169
2447
2095
2239
1840
1393
1196
1219
1271
1208
1238
1171
2315
2455
2297
2322
2132
1634
1909
2174
2165
2184
1713
2167
1793
1384
2285
2217
2075
2201
2121
2309
2138
2371
2262
2169
1475
2232
2099
2196
2220
1716
1445
1461
1499
1529
1470
1500
1477
1956
1366
1224
1095
2077
2075
1596
1319
1304
2132
2062
2232
2019
2342
2153
2201
2343
2433
1732
1598
1712
1751
2365
1463
1204
2117
2217
1994
2127
1942
2337
2103
2435
1692
1780
1870
1738
2137
2407
1663
1356
2303
2363
2383
2227
2285
1518
1404
2164
2100
2187
1637
1474
1449
1535
2078
2316
2285
2199
2002
2106
1773
1298
2132
1633
1771
2211
2411
2245
2158
2281
2158
2445
2287
1784
1407
1143
1266
1255
1245
1227
1262
2093
2307
2196
2411
2012
1754
1343
1240
2010
2203
2065
1403
2252
2234
2113
1717
1414
1446
1344
1325
1345
1360
1435
1337
1439
1289
2122
1999
2157
1779
1386
1421
2144
2094
2279
2162
2557
1981
1851
1549
1846
2099
2263
2453
2216
1558
1197
1303
1315
1981
1531
1177
2154
2294
2101
2112
1468
1256
1229
2127
1470
1260
2060
2179
2213
2395
1791
1274
2069
2242
1450
2017
2104
2247
1456
2620
1761
1316
1174
2083
1955
2147
2181
2416
2084
2156
2219
2303
2173
2300
1909
2203
1928
1488
1307
1286
1248
1474
1368
1307
1328
1251
1193
2219
2142
2145
1849
1694
1739
1716
1802
2248
2229
1490
1378
2201
2093
2031
2122
1775
1412
1393
1328
1331
1394
1334
1489
1410
1428
1374
2186
1781
2173
2195
1755
1884
1886
1325
1244
1226
2009
2103
1938
1314
2116
1970
2265
1644
1800
1670
1810
2235
1561
1559
1475
1606
1424
1427
1857
1526
1460
2242
2131
2099
2387
1925
2134
2138
2430
1486
1323
2216
2240
2175
2180
2049
2166
2293
1764
1243
1261
1321
1185
1268
1171
1222
1225
1289
1210
1390
1474
1420
1431
1449
1350
1270
1380
1258
1312
1336
2236
2102
2238
1420
2021
2010
1780
1362
3081
1539
2214
2096
2180
2192
2141
2022
2152
1876
2164
2192
2017
2300
1449
1357
1281
2063
1665
2073
