705
567
574
492
356
397
322
294
294
316
285
305
320
415
355
315
432
281
311
309
301
293
280
318
293
326
310
277
292
277
295
361
335
405
301
322
298
315
311
391
296
390
396
377
320
383
339
358
331
366
366
365
304
335
1319
1311
1320
1278
1838
1659
1644
1671
1784
1469
1014
996
1047
1239
1277
1179
1267
1210
960
791
809
750
532
620
439
465
470
498
572
569
391
499
489
410
682
356
558
409
356
403
371
366
456
343
364
361
364
389
411
344
396
450
411
441
486
361
382
352
359
398
359
715
381
400
474
382
444
357
422
426
415
396
390
361
438
392
391
341
369
487
425
331
449
366
354
393
403
433
357
342
347
365
400
362
355
328
483
369
422
426
375
402
419
418
333
364
372
335
329
342
320
322
378
437
329
357
399
389
366
511
426
432
314
325
436
402
362
420
372
480
355
366
413
376
361
333
352
341
337
369
404
398
428
395
458
449
414
369
355
346
389
351
400
364
338
408
897
386
395
342
379
441
392
374
393
342
356
345
350
356
344
523
385
419
440
393
401
522
435
376
414
363
357
358
359
344
347
367
483
395
376
378
346
490
405
393
374
384
341
388
639
374
383
481
397
356
378
398
375
490
477
393
306
335
337
367
333
340
339
413
366
403
410
339
393
459
390
333
366
342
371
334
392
375
369
465
349
390
356
325
334
480
395
399
363
368
419
364
362
341
370
469
370
413
439
340
318
313
331
466
377
375
383
366
398
432
436
534
378
414
376
333
363
356
653
392
331
373
371
368
336
357
356
401
365
374
383
394
396
362
441
372
360
367
366
385
373
394
367
491
373
316
366
387
351
355
443
364
413
323
353
373
354
370
378
429
350
411
406
397
354
328
382
365
341
333
356
341
353
370
343
445
459
416
382
348
433
351
444
669
398
362
354
370
354
355
360
460
364
389
335
389
350
352
431
411
412
337
388
373
423
367
365
433
364
376
421
364
341
316
429
443
358
337
394
415
396
385
326
453
381
349
450
358
374
350
383
422
416
367
396
377
410
408
408
365
393
377
375
388
386
347
357
417
419
381
333
347
347
372
400
719
439
408
396
387
326
346
343
436
447
371
355
332
322
341
440
405
612
432
451
446
424
438
442
387
355
314
348
437
377
333
441
388
353
316
367
424
369
372
388
398
390
354
401
483
339
346
462
428
353
451
345
346
328
331
373
839
362
340
344
331
418
472
460
399
368
434
357
531
420
347
462
374
338
365
359
358
431
413
351
377
353
375
309
335
322
382
431
354
363
339
345
405
383
374
350
461
361
318
378
375
347
355
423
371
376
389
451
372
363
342
358
408
430
355
319
339
356
357
403
390
374
337
433
336
325
364
379
372
486
356
357
371
389
457
431
418
434
327
321
359
364
319
351
431
371
421
380
458
384
331
382
367
356
359
389
327
375
409
441
447
382
355
366
397
355
366
406
492
394
383
367
341
335
334
406
390
414
325
318
301
343
377
390
764
436
349
369
338
459
360
408
436
630
343
421
389
401
363
407
402
341
351
351
357
348
708
403
466
393
349
355
438
374
420
385
444
400
377
351
413
451
412
384
503
371
358
389
361
346
501
429
775
380
324
396
380
333
340
437
392
360
389
394
337
343
379
352
398
443
340
324
443
436
452
480
392
374
354
362
442
416
398
419
404
383
354
334
407
344
381
392
664
439
343
350
348
419
402
436
384
387
372
340
406
340
366
430
386
375
362
346
463
365
346
496
398
448
387
357
345
425
363
434
457
353
390
364
395
363
356
431
385
373
380
391
405
351
350
465
359
354
435
383
450
460
540
535
436
364
412
422
482
427
532
490
446
428
361
413
484
403
481
864
417
430
375
324
378
463
455
479
388
335
304
351
377
349
405
475
407
344
352
376
331
351
419
455
373
354
369
369
350
838
317
426
387
343
318
317
326
321
374
360
366
342
328
265
310
327
315
354
358
314
1327
1303
1094
926
926
764
773
568
518
657
519
489
475
420
456
388
413
353
348
369
425
350
393
350
343
358
328
349
347
326
345
395
345
380
351
336
381
442
408
389
354
336
401
382
389
382
350
345
354
419
339
354
364
352
379
368
379
336
338
400
339
309
345
429
396
363
380
343
344
361
376
315
367
392
354
368
426
435
371
329
338
331
327
358
361
335
346
338
631
416
354
398
377
373
324
358
316
337
432
412
407
331
397
349
358
375
378
341
355
382
438
386
377
375
338
349
345
382
350
462
460
403
355
402
381
397
381
459
381
415
429
461
402
394
366
380
360
424
396
410
425
