550
457
332
409
429
736
465
356
272
298
320
338
355
316
338
282
274
326
267
271
310
267
277
350
337
306
330
306
300
330
338
283
299
305
542
302
311
309
331
336
289
285
298
305
264
269
264
277
293
280
291
274
256
373
320
279
301
360
311
323
313
331
293
271
307
380
362
307
308
309
387
316
280
260
268
278
320
328
283
308
294
252
363
421
360
361
320
420
921
404
296
368
342
307
315
351
306
314
309
288
285
330
304
260
345
290
292
356
289
353
315
365
287
308
649
337
325
332
266
270
347
332
292
271
291
282
287
284
280
269
259
257
287
366
343
268
320
342
329
299
763
274
254
359
321
326
326
327
286
404
275
274
325
356
314
351
299
342
292
287
334
304
282
321
345
330
339
327
298
329
314
284
333
304
308
283
320
352
324
337
301
299
279
306
266
274
283
302
324
348
315
289
322
312
319
335
289
330
316
301
285
305
278
303
334
329
442
362
368
401
317
343
402
351
336
413
411
413
519
489
515
519
538
487
468
489
433
523
465
451
472
459
489
479
503
527
480
435
548
512
472
436
463
478
445
556
520
485
519
459
460
459
456
790
540
497
433
543
507
546
460
462
437
555
519
482
535
527
495
500
598
505
464
478
527
495
430
435
526
518
476
542
562
485
519
475
447
418
524
453
446
427
419
532
473
585
563
514
480
438
426
428
442
456
539
475
542
574
474
468
471
519
446
459
449
451
482
436
484
515
516
566
505
477
487
454
420
488
450
534
488
548
637
521
557
443
429
487
427
449
530
435
489
521
492
489
510
478
532
451
522
438
513
541
545
468
485
545
499
490
469
440
449
463
452
455
450
569
481
444
526
504
497
522
480
415
463
609
476
560
471
476
572
472
422
467
465
463
454
502
468
457
447
893
494
528
596
508
502
447
518
537
429
597
470
444
471
531
478
495
454
592
471
418
485
487
511
491
541
444
464
493
488
511
423
463
431
460
471
461
476
475
534
524
492
417
466
448
522
443
541
494
441
532
501
514
513
473
511
458
474
517
468
485
480
558
590
560
475
483
490
486
454
460
470
482
443
440
457
456
488
517
451
484
478
494
504
463
550
443
490
506
487
623
462
446
478
444
511
487
479
516
517
483
488
518
680
595
561
480
498
483
489
464
573
544
569
512
548
459
448
445
467
493
481
475
570
609
524
521
565
538
483
546
513
421
440
494
476
429
422
441
543
455
458
449
764
508
496
402
490
476
456
460
455
562
553
501
423
489
499
464
521
480
486
468
543
536
433
507
467
450
437
429
467
518
506
540
432
490
491
514
545
490
455
465
520
437
466
479
471
492
504
446
426
473
481
457
477
506
473
447
501
548
485
552
514
483
571
481
552
446
482
432
460
481
506
547
489
432
479
537
430
469
487
506
540
450
472
512
506
485
478
527
472
456
418
452
472
436
483
494
570
518
433
488
485
412
519
507
480
472
436
424
452
615
517
496
511
491
507
426
410
526
535
519
522
514
499
474
547
477
472
445
443
406
471
435
521
500
499
468
456
486
420
472
491
596
489
501
775
551
521
492
486
486
496
478
486
454
452
529
491
526
522
1370
525
493
497
485
479
477
447
480
488
473
501
487
428
448
437
449
507
513
494
423
428
516
474
515
542
416
535
524
484
458
567
470
427
488
499
525
494
469
460
503
509
505
443
484
494
517
506
473
498
548
503
478
519
524
506
514
508
591
425
549
621
491
450
440
448
516
507
481
530
469
481
478
436
563
491
454
421
456
467
492
472
444
473
444
477
925
514
448
487
499
451
507
571
578
421
448
488
469
566
498
471
568
537
476
507
469
576
472
483
549
754
459
473
462
459
456
496
575
552
563
558
1061
660
687
462
576
451
534
472
478
546
493
437
576
531
636
495
473
476
455
535
530
493
477
463
461
456
514
510
436
411
486
431
506
441
419
503
441
542
564
446
445
440
489
443
468
561
454
404
439
449
520
487
491
503
431
418
432
441
426
437
454
440
444
552
587
447
481
507
568
495
496
514
497
466
466
513
532
579
525
488
439
553
442
442
484
439
446
451
513
645
488
559
460
496
461
461
483
578
613
491
496
637
486
491
455
460
521
420
425
458
454
463
515
549
524
493
463
473
466
469
452
514
530
452
476
475
526
499
507
481
446
517
520
475
426
544
706
507
579
480
570
477
563
464
460
440
433
486
463
440
451
533
471
425
458
474
437
484
477
492
537
483
450
516
631
582
556
496
466
480
504
535
554
463
515
468
522
466
489
480
444
440
438
448
483
459
470
530
507
473
548
466
515
528
452
447
481
484
486
461
474
487
573
505
473
474
476
506
465
735
450
512
536
497
545
508
448
505
485
521
442
420
483
438
461
479
491
640
493
429
456
476
480
422
458
451
529
537
514
458
454
416
489
566
458
469
431
470
451
429
445
483
844
507
472
489
529
478
499
515
439
451
477
516
494
522
610
489
573
489
553
488
497
518
502
396
898
587
525
467
447
510
465
502
536
526
479
507
564
437
410
431
443
550
458
597
488
500
524
514
437
548
517
483
449
479
454
450
441
512
455
560
542
485
529
556
471
454
422
486
474
515
461
451
456
513
594
504
395
391
456
378
371
387
450
434
387
482
533
468
415
401
435
463
406
394
410
449
382
393
427
509
436
423
385
451
368
363
477
472
432
421
399
452
466
436
394
406
346
384
379
367
403
447
358
435
442
470
431
397
378
369
408
421
368
387
424
376
376
444
447
429
397
443
405
363
406
368
401
378
408
496
392
415
423
417
436
433
411
391
369
356
369
761
435
536
451
425
381
390
397
388
418
418
452
444
470
505
502
384
489
413
430
388
373
388
399
410
1258
392
460
445
394
454
420
403
391
355
394
476
361
375
463
410
438
428
452
403
379
418
426
404
378
423
450
381
559
460
461
353
410
433
473
450
384
364
387
424
405
485
501
795
420
367
381
401
366
399
453
461
399
398
430
481
406
378
412
435
409
405
428
491
408
411
395
414
407
415
429
472
427
372
428
391
370
386
387
452
435
446
397
421
400
508
375
419
382
372
398
418
389
391
438
445
447
371
396
420
458
488
419
418
478
499
428
511
437
398
366
867
428
385
448
392
383
431
421
435
535
403
386
371
406
355
337
364
440
417
458
395
404
434
395
397
351
380
418
389
385
425
379
385
383
413
428
426
413
490
428
402
457
376
497
401
447
439
515
416
417
374
384
361
358
364
395
401
384
403
455
375
504
473
376
395
411
377
430
392
404
419
459
436
379
422
422
408
417
385
484
408
396
370
384
402
400
493
435
428
380
353
358
387
404
486
412
378
370
377
389
402
434
510
376
376
425
399
407
362
347
374
475
370
531
483
464
415
398
451
505
469
387
493
390
435
396
398
490
386
365
375
461
430
388
398
458
397
429
813
489
447
409
372
428
429
396
402
444
379
357
405
439
418
495
411
493
449
402
446
396
377
445
427
475
485
481
391
376
458
450
415
374
439
391
424
412
460
454
412
398
452
429
493
402
404
418
380
407
394
523
457
421
455
401
373
431
377
384
374
350
385
443
388
445
501
442
387
423
477
412
400
449
437
438
440
451
454
483
410
441
417
475
427
440
399
391
434
406
378
414
410
455
525
461
456
437
379
445
418
433
389
368
417
463
411
488
389
391
442
393
393
404
366
441
434
441
423
455
516
413
420
402
412
371
450
382
350
404
391
493
527
456
389
366
357
375
408
394
736
411
401
372
418
460
444
514
461
371
401
367
435
359
370
451
407
432
449
407
476
760
454
433
405
437
371
426
411
422
398
416
410
371
392
393
371
349
392
414
412
403
371
403
448
422
400
410
460
415
391
415
405
385
357
386
411
391
451
433
422
398
380
387
426
390
368
405
414
440
468
464
407
390
418
411
371
417
356
423
386
383
377
408
407
418
400
408
399
401
474
453
374
678
454
449
455
442
400
389
389
373
465
429
410
409
422
417
401
397
478
515
446
385
437
399
408
363
387
454
411
509
457
407
363
419
374
444
390
377
427
459
393
465
391
453
427
746
434
394
461
385
371
417
405
381
388
438
457
411
391
440
409
401
371
400
382
395
401
413
428
424
435
412
415
482
444
493
441
461
420
512
530
458
394
399
432
392
413
448
397
476
396
407
383
397
411
404
534
454
378
372
385
373
377
418
417
427
518
456
392
372
442
360
371
366
377
476
441
351
381
386
434
477
430
435
443
395
447
410
378
388
389
463
509
432
429
443
438
413
405
469
387
390
444
391
387
390
366
453
516
401
426
437
378
395
359
415
417
359
452
439
403
485
427
521
450
435
418
400
392
359
430
416
420
464
450
417
383
450
1237
382
420
442
392
829
461
408
405
407
372
410
374
402
397
414
398
421
393
348
442
380
388
389
378
406
398
370
368
403
418
449
476
427
370
387
399
378
442
463
402
459
416
393
418
389
443
378
376
417
353
371
337
455
454
393
476
555
468
380
409
379
392
420
374
395
396
411
364
412
393
361
428
403
375
381
455
535
522
439
482
419
489
417
417
366
436
406
384
429
435
385
449
419
467
458
428
431
488
364
414
375
440
404
385
430
372
403
443
420
516
424
386
472
393
389
411
434
424
474
497
404
425
518
433
446
377
374
439
1391
1396
1557
1492
1216
1209
1861
1358
1402
1317
1479
1004
1559
866
782
761
639
632
643
499
424
417
384
443
382
396
337
414
367
377
313
316
342
324
384
392
396
451
385
426
368
416
424
352
374
338
327
362
331
345
381
398
326
372
842
423
340
335
337
1403
1367
1338
1346
1305
1367
1373
1290
1171
1583
1461
1365
1111
939
933
807
778
579
563
637
490
477
540
459
384
447
410
337
332
377
362
386
403
376
370
378
361
431
429
341
419
364
335
369
390
393
417
1336
1241
1413
1363
1411
1288
1482
1580
1132
885
892
905
897
789
703
813
675
626
605
520
494
483
433
398
396
424
395
441
368
427
402
419
375
419
434
426
418
401
425
469
682
508
457
425
413
389
385
386
396
395
424
394
382
383
494
819
428
372
353
422
485
417
413
414
426
365
402
441
447
397
407
390
514
380
375
402
390
406
394
483
472
431
401
387
397
402
469
381
386
374
394
461
478
485
421
379
405
391
387
378
390
409
387
413
429
398
1154
433
412
394
427
359
444
420
385
363
432
402
447
550
452
364
373
342
345
378
364
405
370
401
358
528
411
412
366
355
399
413
351
400
427
450
438
461
478
494
520
445
435
466
471
428
466
459
395
475
521
638
461
427
469
499
462
505
511
548
514
487
457
446
556
461
498
426
381
404
628
536
458
480
471
443
462
478
450
519
403
429
428
440
419
416
381
444
486
457
480
464
450
395
409
433
450
444
427
418
469
508
429
511
444
525
516
462
476
501
444
480
449
461
444
554
497
442
454
467
457
449
478
443
456
466
428
499
507
542
461
459
491
439
483
438
436
500
436
470
536
506
480
407
439
499
448
448
446
432
434
472
434
502
577
459
433
445
436
455
434
502
461
494
518
477
499
459
503
464
426
437
464
425
547
457
487
419
533
519
491
420
435
425
368
366
363
351
355
409
442
450
437
423
411
386
389
353
389
420
454
363
383
358
468
821
374
405
362
355
374
369
367
372
401
401
426
493
467
419
444
388
360
341
461
385
355
376
370
410
414
391
367
413
391
392
381
427
433
441
483
353
407
391
377
425
431
451
436
350
366
358
377
405
518
400
454
460
411
370
325
454
382
374
392
393
424
402
387
354
439
437
392
352
374
442
393
393
437
421
374
391
490
406
369
379
416
335
380
426
586
380
361
400
385
361
415
432
463
430
387
394
391
365
395
439
402
423
443
436
382
411
391
385
414
390
377
405
377
369
411
385
444
414
489
412
389
385
394
370
366
424
386
328
454
435
368
350
399
439
672
429
396
376
405
351
425
496
439
457
485
424
481
416
474
431
514
466
427
467
453
427
429
428
423
461
412
422
502
424
430
389
446
412
452
413
409
464
438
387
407
416
522
479
404
496
515
419
395
463
449
431
435
469
463
398
449
433
432
511
867
499
411
434
423
425
457
525
458
404
492
438
433
425
379
426
453
390
430
475
482
490
479
463
415
576
421
405
430
419
398
416
404
438
448
405
455
425
414
403
492
506
493
416
405
435
461
389
406
453
467
442
474
414
457
480
471
517
424
450
431
520
489
473
409
386
361
518
533
397
485
474
463
702
490
444
464
478
422
387
630
430
400
458
430
419
435
489
430
411
441
457
418
488
441
438
419
425
438
434
422
529
460
401
399
463
415
442
408
458
496
490
489
479
438
486
399
401
410
424
411
360
443
403
432
407
465
580
492
473
432
414
444
405
443
406
439
455
555
483
471
537
412
435
430
526
438
437
443
431
436
426
474
446
403
378
407
435
432
430
476
420
409
520
544
467
447
447
427
501
401
409
424
453
404
434
438
487
1261
438
482
443
428
413
440
432
444
384
458
473
423
480
503
423
423
377
418
464
409
441
462
494
532
514
455
427
410
405
514
449
792
456
432
563
474
474
429
399
401
445
411
444
469
427
421
429
416
412
673
521
424
489
412
460
421
396
442
430
389
480
484
469
556
435
475
470
481
475
422
403
504
559
431
511
458
402
423
449
482
520
468
417
456
441
483
466
468
457
444
414
431
405
425
418
394
394
441
417
452
502
486
387
489
421
396
428
442
444
453
415
376
488
392
530
432
476
489
417
453
349
363
305
307
328
382
317
268
356
283
288
334
372
302
279
289
311
337
280
286
316
310
281
273
250
268
279
301
314
273
290
298
330
312
344
306
336
335
298
309
324
305
261
280
290
290
296
307
602
330
299
270
252
358
285
261
293
296
281
299
369
313
317
316
292
286
300
296
304
318
292
334
321
357
299
395
350
306
309
385
339
398
369
334
392
344
390
420
395
364
353
437
410
402
398
415
356
437
416
372
391
401
484
393
352
365
351
359
419
390
465
407
434
416
427
374
407
376
353
363
392
376
345
329
323
418
354
382
520
391
432
384
367
372
372
382
361
372
402
358
475
365
373
408
399
401
391
389
389
390
416
515
388
352
447
424
377
364
368
429
384
400
409
388
372
391
370
429
418
384
430
373
382
383
382
378
374
342
488
399
388
419
398
668
496
445
392
423
357
356
336
339
370
519
397
375
372
381
473
349
379
356
408
349
333
416
405
372
453
376
345
434
407
418
426
400
471
438
386
404
391
390
422
359
349
358
335
407
353
346
332
373
337
405
384
438
363
360
388
339
386
422
494
456
386
415
386
746
412
379
349
391
374
368
390
363
371
387
381
424
417
438
363
349
372
381
391
391
356
355
413
517
454
433
380
371
345
335
360
376
378
460
388
364
402
449
340
376
385
385
338
360
345
355
297
360
384
390
460
433
407
374
358
414
352
337
443
400
335
378
356
471
416
456
412
393
371
350
567
413
572
355
368
396
458
493
410
440
385
358
363
378
369
366
495
399
370
380
385
382
342
343
339
347
361
392
384
370
377
368
412
346
450
380
397
357
393
372
355
403
367
367
384
460
420
411
371
378
463
364
468
394
382
342
381
389
445
408
529
467
463
432
401
379
496
422
404
384
438
406
514
440
390
414
433
456
387
376
359
374
419
387
390
381
470
418
389
411
383
359
457
395
438
406
432
457
508
442
425
424
808
430
406
405
413
395
391
478
477
433
479
466
512
646
465
411
407
421
398
449
414
478
455
471
399
443
375
382
427
482
375
364
378
785
457
494
475
480
432
505
380
461
464
480
425
494
482
441
574
459
374
363
404
439
425
383
440
384
396
431
429
467
422
422
452
386
394
508
457
399
424
416
487
423
447
455
421
397
425
411
423
393
399
516
409
396
411
404
492
744
424
757
407
477
443
426
402
417
473
480
422
462
409
354
410
428
433
428
453
412
445
416
427
404
555
424
385
410
428
406
441
410
453
416
387
504
421
484
409
408
396
393
422
440
436
427
413
429
424
407
489
443
443
447
437
399
471
465
384
412
382
495
429
392
402
507
432
446
423
517
459
406
498
440
468
485
876
444
433
374
409
412
410
449
445
447
416
422
461
430
424
447
431
486
401
402
400
367
497
406
393
478
466
406
411
413
1359
1344
1372
1472
1308
1297
1504
1415
1422
1385
1325
1321
1296
1307
1000
931
1075
1128
798
554
589
522
587
624
618
721
572
630
600
563
592
565
591
548
547
562
572
578
514
613
560
633
690
616
598
586
555
570
539
535
562
550
558
552
590
570
573
555
576
534
608
576
628
574
586
620
704
612
642
510
538
494
496
587
511
514
606
690
611
611
575
593
546
538
581
603
577
579
594
735
633
576
646
572
644
565
562
545
549
657
553
578
612
546
570
546
1015
634
550
637
554
637
566
641
591
587
587
549
577
579
533
545
540
568
548
589
642
560
534
567
615
537
551
566
545
552
522
536
580
582
547
509
624
539
542
585
593
593
521
557
635
581
572
547
566
591
522
604
571
662
715
685
557
563
589
580
642
523
571
501
532
708
498
554
568
560
627
557
543
540
507
566
589
581
678
564
661
601
657
615
659
544
539
577
626
716
616
745
654
662
610
560
601
525
551
515
540
592
496
506
505
663
589
569
578
537
547
607
598
671
580
624
585
714
569
560
618
615
601
660
548
542
568
555
566
609
617
565
548
613
561
950
581
587
539
599
555
1626
618
622
597
532
506
761
515
585
662
593
650
618
525
540
571
589
572
584
575
582
615
549
589
613
527
622
556
565
595
694
670
581
640
629
710
670
681
608
588
586
582
571
505
562
645
609
626
640
558
562
558
529
570
560
554
595
552
727
699
650
688
602
560
573
558
565
672
596
640
598
656
549
620
568
537
557
553
542
535
531
519
604
587
603
1071
633
517
575
589
547
564
533
530
518
671
691
601
599
543
547
539
685
533
573
552
575
587
629
667
602
551
516
568
555
571
709
589
610
647
703
680
577
557
572
606
564
538
577
504
928
557
571
631
567
588
543
586
565
579
572
608
581
619
646
598
573
606
506
498
478
456
558
580
535
574
544
640
572
601
548
512
561
483
555
483
528
554
613
655
552
564
537
531
549
545
589
490
529
508
490
565
634
565
536
503
524
560
510
591
530
619
505
774
612
650
585
647
552
594
533
490
518
650
545
534
708
591
643
552
550
668
607
580
527
623
609
659
600
542
608
526
560
621
549
589
586
544
546
640
739
700
588
575
619
587
563
576
526
613
572
613
543
570
597
642
523
503
541
557
613
634
579
556
580
586
586
531
565
557
573
506
544
571
1048
653
562
581
518
540
558
513
622
608
530
521
498
540
540
521
577
620
513
524
591
600
551
572
613
638
581
581
544
533
636
647
600
527
541
578
552
587
594
635
671
556
568
585
704
629
625
548
509
601
535
579
620
585
704
549
573
554
715
567
568
531
526
501
526
534
567
625
670
566
597
584
591
638
623
645
622
543
565
506
542
574
914
641
500
554
603
602
542
567
544
505
559
560
599
649
590
671
529
563
651
581
623
541
599
576
534
544
520
638
965
656
647
631
563
590
578
524
556
551
508
554
532
666
610
597
551
583
599
610
573
537
551
589
922
581
587
652
669
704
552
595
543
615
593
613
581
570
547
546
665
693
652
605
583
556
578
601
608
610
559
559
617
593
587
589
603
553
638
560
523
687
600
577
597
545
561
507
586
551
1067
586
556
583
591
595
714
644
567
589
564
553
605
598
1461
549
580
512
594
661
550
964
594
611
746
563
583
602
561
591
590
560
579
555
514
565
588
594
536
538
576
579
601
588
614
567
628
590
641
571
596
585
524
543
609
579
616
582
536
616
563
580
510
600
614
650
562
636
579
564
612
573
612
627
548
747
637
656
641
567
667
708
753
687
655
638
620
566
973
696
567
570
658
607
519
598
655
618
637
704
588
530
580
571
520
536
540
616
612
568
585
592
579
597
553
609
557
587
632
530
603
605
613
575
512
545
556
611
667
647
575
586
542
571
598
640
654
566
536
665
608
575
673
568
543
564
577
555
543
633
558
633
633
593
520
531
641
556
510
543
522
587
611
714
490
503
437
487
450
442
657
491
526
478
437
483
474
571
488
449
425
436
456
474
505
595
467
444
440
493
490
566
563
556
439
441
450
480
510
499
552
462
482
440
466
455
563
462
478
481
594
578
428
526
552
459
441
461
526
520
440
567
477
552
856
480
477
563
552
529
492
439
443
595
503
549
536
463
437
449
441
505
516
605
452
444
451
470
551
585
492
483
416
420
467
495
565
531
477
454
476
474
485
466
475
503
441
466
502
494
509
614
481
488
475
511
539
472
543
501
515
524
457
541
516
526
555
508
463
694
499
458
496
480
467
426
522
567
460
577
576
498
479
454
504
488
549
482
460
454
464
458
467
597
496
483
415
443
446
569
503
460
496
419
528
449
421
558
517
525
491
479
535
530
561
491
448
481
460
395
429
457
500
514
536
540
508
490
463
482
1333
510
525
463
548
551
404
519
823
562
552
547
516
594
601
464
507
517
441
439
429
531
509
452
539
562
461
473
492
555
530
484
566
604
595
537
478
468
507
523
486
466
593
537
500
482
476
476
536
545
463
499
536
498
508
440
457
560
484
491
476
456
523
485
570
509
517
493
576
554
479
515
479
476
513
601
495
444
440
491
531
463
579
610
575
503
524
490
527
424
433
434
457
459
545
528
495
461
447
443
527
529
647
453
450
491
544
567
482
516
492
676
850
454
489
584
479
458
461
469
499
488
555
518
805
434
424
536
469
495
527
464
433
864
497
444
455
508
485
502
437
534
416
1017
602
494
516
494
540
603
537
524
547
512
632
602
526
538
633
509
469
459
488
478
490
455
525
533
507
628
432
570
589
519
463
458
459
445
442
475
553
535
541
557
550
515
523
471
417
500
458
440
463
535
511
466
494
482
474
565
517
473
463
452
454
414
454
472
471
524
502
530
464
468
514
597
547
457
450
437
450
460
517
535
491
507
509
490
467
527
518
464
448
438
459
554
571
532
597
608
549
494
480
558
510
454
459
444
467
488
521
499
486
488
505
440
468
452
581
546
481
484
513
479
506
510
445
420
546
460
458
452
465
455
502
477
483
548
651
475
467
770
643
468
525
541
440
478
588
498
486
469
467
493
463
459
479
447
534
444
413
429
452
497
508
543
494
536
596
612
532
540
508
528
519
550
482
501
460
544
493
431
495
488
529
464
442
623
511
468
451
497
504
431
463
473
477
457
620
550
466
455
467
503
491
567
494
453
442
539
483
472
501
491
506
486
399
402
433
460
400
444
428
615
488
582
583
505
464
447
423
454
465
516
430
469
458
549
504
442
430
423
488
454
440
531
496
479
564
500
542
463
483
419
438
460
517
478
415
470
500
471
531
462
468
523
489
473
503
500
524
454
467
495
866
542
421
444
453
520
508
436
495
472
1466
456
459
537
468
472
460
450
433
415
550
467
468
487
502
516
507
486
482
490
449
434
497
416
510
457
448
552
492
632
451
429
456
422
502
587
486
518
553
548
475
452
491
436
488
489
432
523
447
478
505
533
489
570
570
482
529
428
472
433
498
459
466
537
535
510
468
465
448
484
490
529
454
496
499
565
533
595
521
473
463
511
499
429
433
438
468
532
420
560
542
492
479
440
477
537
533
454
449
427
532
517
453
518
509
552
513
434
431
450
467
491
469
472
563
585
475
467
569
446
522
464
437
932
1453
472
498
493
510
493
463
504
475
494
464
462
454
473
487
521
590
531
568
498
461
601
470
524
450
475
506
473
601
551
557
512
464
449
491
411
441
468
426
566
462
457
440
433
459
449
481
494
494
512
510
501
491
443
490
444
456
504
490
478
531
473
506
450
522
517
462
471
559
468
460
453
450
447
458
460
485
509
519
596
478
474
551
447
475
451
550
555
572
574
522
489
472
413
438
449
426
455
628
464
550
551
553
490
505
455
447
499
518
443
437
440
506
471
591
500
483
468
445
489
510
451
425
458
431
458
498
480
513
513
518
487
469
899
435
466
537
476
441
514
502
517
408
482
489
465
518
480
439
445
428
481
421
550
539
471
476
475
468
439
454
459
501
524
550
549
483
423
450
437
421
463
542
453
437
452
447
474
444
667
580
668
647
641
572
635
557
506
562
596
896
495
444
363
412
334
313
349
345
298
317
296
387
395
484
385
324
279
315
265
266
263
247
284
311
353
458
360
279
365
311
306
269
341
319
1376
1533
1568
1282
1234
1356
985
1074
898
973
819
640
665
623
553
547
579
573
542
567
1021
653
635
615
545
537
599
619
622
634
596
546
546
714
616
581
530
701
656
558
657
1109
704
533
604
560
557
629
631
575
604
738
587
628
634
638
571
560
592
558
523
588
709
589
537
633
619
578
639
558
700
721
616
496
456
541
494
404
376
363
356
417
365
350
373
399
371
377
332
354
386
359
354
401
360
344
389
372
355
407
374
358
336
483
364
362
342
343
319
351
351
405
418
360
360
308
347
388
319
357
354
350
369
408
333
470
418
465
388
326
366
414
341
331
399
326
305
456
415
348
318
352
344
367
439
350
306
343
319
356
342
379
378
395
330
335
352
344
399
385
350
373
353
393
442
381
351
384
384
368
316
324
366
371
392
400
407
888
426
513
421
364
465
473
384
380
388
385
442
445
466
387
337
410
436
419
375
369
439
383
357
415
392
366
434
480
479
367
329
442
399
370
374
385
391
434
460
406
385
398
396
378
367
387
401
485
422
388
369
369
385
425
377
445
418
412
390
403
384
373
392
455
777
407
393
376
378
473
380
396
353
380
377
341
367
315
469
500
413
384
432
338
395
505
413
406
387
440
459
415
387
449
388
359
391
365
428
442
382
410
384
373
479
391
430
395
337
353
442
378
390
379
417
516
456
413
472
433
423
397
477
403
392
370
409
492
436
387
452
384
381
463
420
356
375
658
424
428
484
472
440
420
392
444
384
377
407
432
374
364
384
436
400
439
425
480
376
345
396
369
428
353
388
403
420
446
431
412
379
390
354
377
361
406
417
409
390
383
429
509
410
396
448
399
374
736
395
370
372
378
449
983
415
397
359
381
420
391
416
417
420
412
515
435
437
509
455
370
381
421
374
401
394
550
393
396
398
428
372
430
408
422
394
357
427
387
400
369
411
517
526
428
452
393
366
355
373
477
379
415
463
430
428
433
434
431
367
355
375
356
368
378
425
352
372
392
451
424
378
422
447
439
426
401
415
471
403
447
421
375
755
368
377
389
365
371
408
337
408
382
405
380
487
437
393
339
355
375
358
375
415
460
418
437
804
427
398
432
386
358
383
393
400
381
391
419
356
373
428
435
388
387
392
402
355
417
423
385
384
388
439
426
383
466
435
384
441
420
440
379
369
366
359
338
485
441
403
392
361
358
384
386
414
457
382
923
446
468
413
396
446
377
360
400
383
397
361
446
457
431
474
421
432
425
415
409
484
414
382
388
375
454
449
1807
1554
1489
1467
1412
1367
1474
1604
1560
1363
1437
1410
1356
1436
1341
1158
959
944
731
745
912
639
573
645
496
509
473
442
438
489
843
521
593
572
447
499
488
566
492
490
473
449
489
469
446
496
556
868
543
541
507
517
566
567
454
465
481
594
560
465
478
506
501
471
459
493
456
606
508
479
510
467
483
491
574
491
541
619
494
496
468
505
491
452
436
458
533
547
544
532
596
502
474
449
431
525
507
615
530
499
469
499
441
417
434
488
537
514
481
480
482
544
481
485
486
500
457
465
482
466
541
789
482
495
490
572
506
483
444
476
469
564
505
544
613
706
563
552
584
516
935
707
491
467
385
376
363
331
528
391
321
316
332
395
378
356
415
362
336
331
357
419
395
671
384
350
356
438
455
451
386
319
387
338
369
377
335
457
369
339
358
388
331
436
437
349
391
337
329
351
348
340
365
457
356
386
427
377
403
391
353
359
463
333
475
407
372
386
516
344
354
326
344
573
388
392
384
368
338
436
399
410
652
372
378
371
333
520
407
400
342
330
455
445
363
375
417
345
317
381
415
346
413
411
341
372
361
377
352
359
407
469
389
382
450
362
431
373
369
322
424
341
372
383
355
437
406
365
482
376
338
414
426
353
339
336
320
372
321
343
408
439
401
361
432
353
397
385
375
350
361
381
1350
1298
1307
1381
1224
1282
1567
1390
2272
1377
1282
1492
939
923
989
856
894
1118
984
896
803
692
644
673
829
849
803
802
754
678
725
677
713
539
574
531
555
551
489
664
399
400
396
390
457
379
356
352
382
365
348
476
441
374
385
436
474
497
392
419
494
601
554
746
424
421
390
461
428
411
432
405
432
449
412
512
522
443
351
292
303
347
314
278
264
339
310
319
331
357
307
267
308
292
278
281
301
309
305
267
251
276
327
292
361
298
277
324
273
265
292
265
314
265
338
318
321
291
299
284
268
305
292
299
374
271
302
361
346
375
666
271
283
303
268
274
304
307
313
290
336
419
424
343
405
613
318
348
327
330
320
315
317
299
345
288
368
326
359
297
331
358
331
333
312
375
335
361
353
379
311
318
346
334
306
288
327
290
309
326
326
350
352
349
316
353
333
308
285
367
339
313
389
362
319
448
381
362
336
277
306
351
348
384
336
335
386
405
363
386
370
408
381
387
339
369
400
434
412
432
490
432
487
474
436
457
493
489
456
425
470
439
557
531
433
510
505
505
503
438
432
519
465
443
484
479
448
545
559
497
479
505
465
433
443
448
487
446
449
487
463
527
509
486
431
420
469
568
512
508
446
502
464
519
484
465
515
467
468
471
434
733
530
519
466
501
471
496
1363
465
461
499
490
479
490
504
475
585
573
522
436
412
432
424
465
444
476
437
492
543
481
477
513
544
471
424
537
433
452
461
483
465
591
478
489
570
532
463
459
453
437
535
470
473
420
479
498
554
509
498
482
470
446
414
513
581
521
570
506
563
469
492
525
442
562
448
495
423
457
466
506
511
520
534
531
768
459
454
415
437
448
539
507
526
546
453
538
466
438
487
495
498
472
514
541
579
607
531
532
581
482
528
439
504
518
457
430
526
552
493
439
431
451
525
520
504
447
443
425
420
489
480
541
556
481
490
523
511
856
562
493
489
643
740
547
465
492
435
534
508
520
501
535
512
478
485
514
492
449
474
481
496
495
544
466
519
443
599
610
501
454
478
464
444
459
531
491
495
437
441
472
563
551
486
453
434
460
396
440
484
501
493
465
579
467
472
499
416
496
475
520
561
471
480
462
454
467
523
511
468
475
468
458
470
499
518
458
549
528
465
456
411
463
435
455
550
444
509
476
422
416
465
520
559
486
490
503
457
444
528
515
496
464
2688
489
528
474
446
489
442
477
524
470
457
457
503
995
536
547
476
452
479
488
505
525
543
607
525
437
458
462
556
461
848
464
502
504
488
506
463
591
551
487
506
470
438
450
429
425
435
489
530
513
492
478
600
489
464
454
468
471
436
492
477
467
510
603
503
489
494
502
437
466
568
486
454
605
516
520
454
485
442
504
547
488
447
453
492
470
472
518
473
471
512
487
482
480
463
461
428
458
484
496
453
446
442
486
497
468
416
439
555
466
474
463
484
521
492
457
507
463
457
455
468
449
465
489
580
482
499
401
509
627
441
447
526
472
467
472
517
495
524
505
497
488
532
491
486
510
481
416
490
581
597
658
535
460
899
466
486
447
441
558
479
451
534
456
446
787
481
484
460
482
483
522
633
579
499
452
488
458
484
451
500
511
474
481
484
492
492
528
485
514
440
509
472
474
448
526
558
602
507
463
497
467
472
517
488
528
502
441
453
540
450
465
533
476
507
537
458
439
435
546
478
453
494
505
519
522
474
489
435
443
450
544
507
472
472
451
521
537
529
460
558
474
524
498
436
455
430
577
485
517
489
464
476
429
412
455
438
429
472
563
522
421
531
451
437
437
454
481
501
480
499
503
461
483
537
597
497
461
518
490
495
443
430
436
433
455
444
540
542
557
490
497
504
543
556
438
488
473
487
536
1006
505
462
477
439
436
432
475
508
519
545
590
500
923
476
1304
1204
1195
1225
1457
1517
1277
1303
1220
1023
1049
678
711
637
529
565
577
631
657
748
637
583
662
649
637
620
593
544
644
609
610
556
645
593
570
556
565
871
503
459
437
459
489
463
511
460
487
512
475
468
473
579
465
435
498
487
469
433
579
529
513
545
535
463
467
452
523
460
451
457
474
538
542
489
506
526
484
425
420
467
504
469
502
499
462
532
526
503
428
479
433
426
517
430
524
432
468
559
548
484
491
486
469
483
426
415
461
454
472
499
501
512
618
462
482
468
454
481
481
1070
515
594
536
498
459
435
455
478
526
473
484
473
467
479
467
489
499
633
507
479
550
454
465
474
554
494
467
540
495
438
490
532
490
458
434
513
462
409
449
477
467
583
483
533
453
566
511
471
472
472
469
430
514
539
486
471
487
471
555
449
441
472
476
502
442
424
454
472
576
503
474
503
421
423
459
494
566
552
565
456
494
500
546
522
463
453
444
464
493
446
456
527
531
471
488
462
490
462
465
460
473
571
515
504
481
431
453
478
444
434
458
458
478
444
459
429
459
522
533
464
472
441
436
486
515
484
483
528
522
512
476
453
454
482
458
752
484
458
509
446
495
439
481
529
484
452
473
592
493
438
502
452
512
515
517
455
814
517
438
481
451
508
509
500
512
527
480
658
513
472
564
469
505
451
473
452
420
503
546
487
530
483
493
459
448
508
455
460
467
433
449
499
486
536
491
539
462
445
485
476
489
440
464
469
537
526
490
504
451
445
422
507
429
473
496
481
486
459
512
486
551
513
474
468
484
467
549
498
500
530
499
507
456
569
521
483
426
471
476
472
454
469
514
609
495
481
467
540
484
429
443
476
469
461
486
523
526
557
472
514
485
527
443
417
517
503
476
453
540
959
924
550
637
569
474
461
564
459
504
461
542
482
445
423
504
517
449
472
457
539
440
454
472
492
522
464
579
449
502
484
463
462
403
452
502
471
564
696
455
479
470
438
490
483
406
559
529
465
527
506
483
543
440
492
566
460
428
477
460
506
470
549
459
485
431
507
488
464
465
510
465
450
552
474
554
550
462
479
528
446
439
562
611
447
449
542
469
529
467
479
472
432
443
476
485
525
480
439
452
502
610
472
492
463
539
480
457
463
473
479
481
491
514
542
495
480
456
460
430
448
460
498
556
548
518
565
513
467
430
448
457
451
443
458
486
475
986
529
536
464
526
453
459
474
448
425
417
421
495
490
515
439
438
437
453
417
413
475
500
453
486
468
511
536
480
517
457
504
427
453
502
473
513
502
455
508
545
505
479
430
469
465
490
446
474
544
552
564
590
575
522
517
494
458
481
513
560
497
498
495
538
731
434
449
448
487
513
457
481
516
453
459
426
485
560
478
463
449
436
565
427
498
495
419
467
516
529
526
510
555
498
466
489
495
420
492
478
518
542
544
461
451
481
440
446
443
468
496
457
466
551
502
564
456
458
448
489
485
470
472
460
444
460
447
520
597
477
453
930
463
453
543
486
488
422
560
484
428
454
438
493
471
430
455
433
419
438
386
501
538
557
442
471
494
507
444
499
460
476
464
461
497
482
466
485
494
491
470
423
492
497
448
472
439
525
600
566
511
512
475
460
441
416
410
443
432
545
558
498
592
455
469
461
480
457
475
413
502
447
431
498
481
526
455
440
472
464
468
494
482
522
530
559
498
516
452
505
510
483
422
483
533
479
456
475
545
471
530
443
477
440
487
584
504
456
510
604
555
479
459
468
445
511
470
485
439
514
519
591
479
509
510
575
553
427
469
457
446
421
702
488
508
526
465
445
472
431
462
531
433
481
528
469
454
403
459
526
507
498
454
455
487
491
454
474
426
500
582
519
440
499
500
510
563
475
436
439
516
509
453
457
537
503
505
468
418
518
479
435
461
438
493
593
517
455
448
481
478
479
552
507
538
501
487
586
488
574
557
490
458
485
560
472
464
445
478
472
499
834
453
419
488
487
491
509
502
481
483
484
510
555
587
487
420
495
406
416
509
461
474
429
469
479
580
458
526
440
492
462
494
497
466
443
543
494
474
541
542
451
499
492
505
498
454
521
489
451
479
463
471
504
857
575
446
426
490
446
524
466
444
467
553
572
451
411
534
461
431
446
437
465
477
468
500
543
493
451
433
489
492
438
450
454
589
542
490
527
478
530
450
486
487
494
467
426
450
433
457
501
490
456
458
499
417
457
454
489
480
548
486
439
628
504
477
424
393
441
496
435
472
508
478
455
429
573
553
508
448
499
419
426
472
467
782
546
514
570
530
501
461
442
430
423
451
450
512
445
477
471
483
520
496
445
456
514
444
448
458
477
479
467
507
477
449
437
528
460
519
454
448
542
509
514
459
459
454
922
563
483
424
439
460
454
462
474
624
614
913
502
564
510
495
500
489
453
432
466
499
456
458
523
486
480
462
520
505
492
424
429
409
504
495
524
626
566
572
553
524
521
435
590
465
527
478
488
601
925
455
446
436
502
479
483
468
589
460
450
470
496
450
454
496
510
490
478
421
488
567
531
534
463
535
537
523
439
551
467
477
478
459
463
447
520
525
504
514
460
434
451
470
576
496
480
614
522
447
533
509
536
469
487
484
460
442
429
477
456
453
496
595
514
507
442
584
497
553
509
466
424
491
427
516
516
535
489
477
471
432
489
486
435
459
453
466
548
538
462
466
524
791
519
533
582
546
509
545
531
493
485
488
427
434
440
493
522
452
481
466
427
563
499
475
510
481
454
438
415
452
434
485
466
561
527
474
496
483
498
454
493
553
564
646
535
467
522
583
523
446
490
417
437
437
425
925
452
541
498
509
492
489
442
454
453
427
463
453
441
565
490
574
511
509
551
476
545
497
469
490
445
649
585
534
495
470
515
538
436
418
436
458
468
583
546
451
541
461
426
515
512
451
435
480
494
498
498
514
531
618
633
479
426
412
564
469
437
407
452
462
478
524
504
501
524
446
490
448
477
511
443
424
522
526
929
544
513
450
458
560
414
414
424
444
440
452
531
489
442
423
401
416
447
438
416
419
466
496
457
649
585
476
486
494
449
568
459
438
422
501
513
527
550
470
459
495
427
432
463
442
453
530
465
519
633
618
505
446
559
441
443
430
436
532
465
459
565
550
554
475
495
509
474
494
494
461
479
587
546
538
512
436
486
500
442
426
466
453
466
453
451
614
538
497
470
452
526
468
434
460
457
466
503
432
590
520
558
515
437
445
463
439
475
439
532
514
512
504
435
494
461
505
472
457
461
472
459
552
540
476
551
577
498
464
548
461
452
516
460
476
820
578
576
481
439
444
518
592
493
550
474
442
499
513
528
448
539
466
476
499
500
462
531
466
456
574
495
514
476
489
447
458
430
481
425
482
431
463
463
490
447
546
553
484
516
532
454
437
480
444
490
452
521
471
511
477
507
453
451
457
460
440
452
494
429
488
469
493
568
472
431
438
406
468
411
445
466
554
537
497
411
434
446
505
467
522
534
465
499
512
481
530
567
479
542
450
447
523
417
470
490
597
537
616
462
509
496
471
414
492
473
467
536
494
541
472
510
499
499
434
436
492
449
441
417
457
420
541
525
492
468
409
428
457
560
704
473
507
414
458
529
530
471
577
506
523
432
477
523
534
527
485
628
519
494
501
483
431
460
490
457
447
413
482
444
438
574
566
446
435
425
417
485
437
533
431
508
561
500
488
446
452
417
494
415
461
454
466
536
439
503
561
566
492
452
508
547
445
478
457
470
549
551
562
472
472
458
498
545
486
554
447
427
418
463
441
516
486
532
508
480
446
475
466
472
464
450
573
537
468
432
533
479
528
489
460
421
462
459
449
498
583
518
499
473
454
450
427
565
466
489
510
488
545
565
480
538
438
434
437
435
468
458
445
466
497
521
482
530
542
437
733
490
461
495
472
485
515
503
484
549
527
469
489
449
467
471
473
441
560
465
509
585
598
519
493
517
449
454
567
465
402
578
557
549
462
395
435
490
471
416
412
484
399
380
433
453
453
411
489
420
466
407
425
386
613
420
396
517
411
361
405
385
459
380
399
416
415
443
461
405
457
431
397
390
384
391
496
379
406
395
389
426
509
480
439
416
412
390
371
394
441
396
477
358
404
401
452
440
490
391
469
482
406
381
392
427
428
370
414
439
438
402
437
489
1233
1296
1359
1292
1465
1312
1330
1200
1214
1386
1122
952
1079
783
696
724
493
613
570
433
436
468
457
891
613
532
466
547
441
449
476
517
517
567
595
610
488
979
513
794
465
472
537
485
519
493
463
538
548
576
490
521
488
508
474
512
440
585
504
509
470
551
580
477
471
501
466
452
513
493
509
478
465
491
958
514
494
502
521
538
452
428
468
478
478
470
523
569
483
410
398
443
505
447
431
519
439
451
453
524
483
472
481
449
468
539
477
486
478
488
552
606
508
471
445
516
516
422
469
458
444
481
451
481
552
520
753
528
504
480
451
424
430
464
444
452
560
567
750
420
476
458
436
544
488
528
463
442
509
553
511
466
469
446
480
793
557
520
474
559
467
566
571
571
459
461
483
404
452
430
413
452
516
525
480
471
431
447
430
485
448
536
478
527
506
451
495
480
473
448
421
445
484
459
487
525
557
480
523
533
466
449
432
475
533
462
433
420
450
519
477
534
532
628
623
551
489
426
434
492
517
534
592
581
580
516
441
460
473
439
480
454
427
422
470
415
505
523
552
461
467
472
473
466
432
482
477
530
436
569
540
435
541
466
448
467
479
503
540
465
464
482
509
461
518
445
511
454
455
453
488
486
542
468
540
470
484
436
465
446
475
450
456
445
499
472
462
490
862
792
492
434
415
454
461
424
496
475
570
585
581
512
460
517
488
468
664
477
478
489
459
527
541
602
538
525
516
436
522
520
482
494
450
525
513
572
511
471
530
527
513
443
427
498
459
513
503
583
539
532
446
441
454
418
441
414
413
442
452
541
575
508
495
469
499
497
449
494
567
446
484
478
552
498
486
490
420
496
432
472
444
469
469
449
567
522
488
439
536
480
444
565
422
468
631
604
565
538
544
461
495
469
481
446
479
477
501
550
511
482
504
445
424
475
489
451
433
450
452
477
454
542
533
504
573
520
576
460
443
494
505
463
525
460
490
535
890
568
465
498
492
485
1261
1483
1452
1336
1272
1234
1460
1540
963
1052
925
717
720
611
559
561
578
601
528
501
615
605
467
437
442
509
479
574
486
445
455
441
488
482
476
565
524
479
459
433
476
506
578
429
485
448
414
468
456
478
505
459
445
488
445
560
541
496
458
438
464
466
486
461
557
653
428
465
468
471
469
591
598
493
410
525
470
501
647
516
520
442
499
522
480
574
532
476
467
427
478
472
501
506
573
458
538
551
513
597
531
464
414
463
501
440
522
577
488
619
466
456
453
468
512
445
485
514
540
481
552
540
519
586
928
594
469
938
476
582
627
511
462
559
517
509
432
461
436
465
450
476
509
506
512
437
455
982
464
432
428
414
532
485
533
463
422
479
515
548
535
459
442
428
522
459
478
550
466
497
493
474
584
551
606
459
454
454
392
430
484
465
592
502
440
458
423
480
470
439
475
494
597
588
460
506
532
566
514
504
509
504
493
445
460
473
465
534
558
504
521
450
499
533
498
442
446
476
432
491
501
475
619
528
552
504
498
462
417
419
547
511
576
544
538
507
445
439
467
435
427
498
497
504
490
425
464
537
874
596
483
430
396
471
410
457
485
487
519
547
503
473
863
510
472
535
498
568
452
475
514
448
531
521
511
558
453
434
489
504
520
485
590
607
556
472
437
477
460
494
466
428
483
461
573
431
433
631
500
475
419
431
478
491
523
486
473
495
591
607
569
569
485
525
478
457
473
485
545
532
473
560
539
478
391
348
355
356
295
302
290
309
281
273
327
310
359
272
291
264
295
264
288
267
306
270
290
278
325
341
278
262
259
275
360
277
332
310
370
302
287
384
575
289
358
282
279
330
347
352
319
275
293
296
275
303
370
299
339
304
309
326
330
303
282
277
324
320
399
334
340
355
357
353
346
370
398
364
400
760
472
367
408
495
719
433
415
416
375
422
464
427
433
465
490
442
446
406
471
403
435
402
417
429
429
444
385
393
452
406
451
397
389
415
385
413
363
406
432
422
446
461
443
412
377
456
548
391
410
455
392
377
425
556
508
459
466
446
412
398
375
459
504
369
434
410
468
429
391
384
414
360
358
393
468
404
397
456
495
401
455
467
750
417
368
1185
1359
1359
1386
1413
1428
1491
1613
1461
1581
1141
1073
717
725
680
593
589
554
474
437
503
472
431
389
353
429
391
414
454
407
365
476
452
507
400
406
494
457
394
379
361
412
390
363
419
430
453
1661
455
391
482
442
424
406
434
398
353
356
373
504
488
422
421
528
487
441
449
432
455
385
383
446
414
401
401
408
515
446
392
405
435
462
383
378
369
375
385
398
399
391
408
478
445
478
393
396
385
427
450
486
451
472
472
539
460
414
399
404
453
379
404
442
404
456
426
394
471
398
458
445
435
458
413
391
384
389
417
371
451
466
738
393
424
412
419
353
425
483
424
455
429
410
416
408
519
392
422
399
352
369
355
356
390
394
506
439
443
433
407
413
413
417
411
405
388
362
397
359
369
415
542
481
410
