742
457
344
466
368
314
332
288
321
377
334
333
318
268
246
239
257
212
230
207
207
204
195
199
209
212
219
249
213
197
208
197
176
211
242
206
671
348
285
223
269
270
206
194
213
197
201
220
281
197
190
177
247
198
200
185
201
181
181
190
189
184
173
191
179
181
175
202
181
178
183
191
212
198
191
194
194
179
194
178
188
851
184
184
188
192
181
171
180
188
193
185
180
191
232
179
191
176
199
182
165
194
221
199
204
203
189
210
241
243
240
224
223
240
225
224
245
227
235
225
218
220
227
224
216
203
211
211
195
208
176
189
194
182
182
164
192
220
203
183
194
188
162
176
185
194
208
254
217
247
199
263
255
191
178
239
207
229
181
176
173
255
228
207
183
258
222
274
231
245
227
213
212
236
301
277
252
270
429
268
359
402
461
428
306
270
286
267
230
302
339
266
344
437
384
337
269
319
417
277
243
356
321
290
396
282
219
219
240
275
213
226
218
215
222
214
211
228
213
195
322
248
207
248
223
204
221
245
238
242
192
200
231
281
309
202
260
317
250
275
265
208
217
220
196
195
195
200
201
253
354
206
200
361
356
239
205
202
227
207
216
251
251
242
235
257
258
235
318
333
351
320
346
301
301
242
250
228
235
280
248
240
358
279
448
376
269
237
222
217
216
242
253
255
206
207
231
197
202
241
229
228
214
209
211
203
219
209
195
215
215
240
246
202
221
221
360
261
285
270
311
238
238
244
247
245
271
248
244
310
386
388
347
336
286
239
235
219
233
236
259
260
225
283
325
338
408
525
319
388
273
244
311
338
248
404
439
362
301
365
312
305
278
236
268
363
237
323
339
213
213
201
203
209
179
195
185
192
192
184
202
253
228
189
186
226
283
224
168
178
195
236
300
232
226
224
204
218
185
262
239
200
219
222
207
237
266
188
190
189
189
188
194
216
191
178
187
210
214
195
195
207
230
192
190
196
181
185
201
192
202
186
187
189
181
165
178
209
185
184
209
198
205
198
187
193
211
203
182
182
193
205
188
190
188
187
177
186
186
194
187
234
244
229
214
205
206
243
227
243
231
224
216
219
209
215
215
175
199
223
195
193
197
211
563
208
202
205
200
200
202
200
202
205
198
200
204
259
201
203
201
202
204
199
188
194
193
191
183
205
190
199
201
195
187
191
203
195
174
209
213
204
199
196
192
214
184
191
197
196
181
185
196
213
192
179
198
192
194
195
204
196
200
179
199
201
196
190
197
190
187
188
181
184
196
186
191
173
190
207
194
196
206
219
221
210
213
224
194
211
202
242
215
207
197
219
208
224
209
232
222
219
199
218
208
215
209
224
207
205
269
201
206
247
204
208
245
207
211
205
212
220
214
201
191
203
191
237
229
210
209
224
203
220
191
193
193
195
234
223
217
211
196
191
223
226
231
205
208
207
261
235
220
220
255
239
259
234
235
245
242
225
239
220
228
238
256
243
234
238
225
232
230
261
254
252
231
228
214
221
232
219
230
241
189
315
270
249
255
260
196
220
231
252
234
230
247
232
228
213
185
194
189
184
187
196
195
204
176
178
190
199
179
184
176
179
171
189
192
177
240
187
181
195
181
174
186
176
183
196
183
178
177
190
176
188
180
176
178
175
181
207
189
184
180
183
224
205
192
172
189
205
193
199
198
181
194
192
179
182
182
208
194
201
205
199
182
621
195
181
193
187
184
207
204
235
207
220
228
200
187
204
201
207
200
208
210
200
193
203
195
206
193
215
184
179
204
244
255
205
224
214
187
194
194
195
195
180
187
221
211
186
184
195
195
190
184
237
207
209
193
185
189
191
181
192
187
182
192
199
176
198
211
184
192
201
177
211
200
193
179
204
192
178
184
189
194
181
198
177
179
183
174
182
185
186
197
208
195
186
187
190
182
194
201
204
190
197
193
206
209
198
200
190
197
196
191
200
179
205
205
184
206
186
192
203
201
184
188
220
193
203
247
222
220
200
223
209
222
246
249
235
239
254
208
190
184
180
192
188
195
211
187
190
189
258
190
178
171
259
195
178
179
181
185
177
183
177
179
175
175
179
181
174
178
183
221
171
197
177
185
178
179
177
172
177
169
176
173
176
176
171
191
169
207
214
207
257
206
202
204
205
231
226
217
198
208
205
222
195
207
218
212
207
227
227
236
214
238
242
240
236
241
232
247
245
254
241
256
247
237
316
242
238
238
228
248
236
229
238
241
226
229
225
270
241
211
234
278
239
237
208
213
207
212
251
214
202
208
205
229
200
208
199
199
212
227
198
198
220
216
184
195
190
188
190
203
206
190
203
196
195
196
190
204
225
209
203
205
190
186
182
184
182
181
184
179
228
439
218
216
191
190
228
204
199
198
189
186
190
204
189
179
172
190
179
176
184
183
188
188
184
178
195
213
185
188
210
230
229
237
219
208
227
225
218
210
213
214
214
197
197
234
194
200
192
198
224
223
217
217
223
224
216
217
209
203
208
214
225
264
227
218
217
221
218
213
221
253
239
243
237
242
196
201
181
181
195
214
183
185
172
177
181
245
228
315
254
231
238
238
304
243
248
206
223
190
188
226
199
197
186
178
194
175
184
181
185
175
175
179
190
170
180
186
184
201
212
226
175
185
184
177
169
196
183
184
178
177
178
173
171
174
188
194
193
171
218
191
175
196
200
201
189
189
182
183
188
244
249
248
257
259
261
229
287
237
231
233
264
226
233
239
265
257
253
243
260
248
226
230
286
238
216
250
234
242
238
231
230
246
223
231
243
229
233
239
276
231
276
253
226
248
254
228
249
260
251
252
264
259
234
243
261
239
240
232
243
266
302
246
271
257
231
204
214
221
226
205
231
210
222
188
206
200
185
185
188
178
196
190
180
201
192
203
189
199
194
193
228
240
229
241
187
198
176
181
181
179
173
173
183
184
174
179
190
190
184
183
208
190
188
190
187
195
190
187
174
194
186
187
237
294
252
243
238
217
234
194
187
191
213
197
228
205
200
235
196
186
189
203
195
211
195
200
205
186
204
191
183
184
201
200
173
180
184
185
165
182
203
188
181
182
196
204
209
193
220
198
243
266
254
254
242
245
235
230
253
224
241
251
237
248
283
252
228
246
231
232
229
230
242
237
231
497
241
241
230
237
249
233
231
239
229
230
259
229
256
255
264
243
260
313
241
275
377
260
270
281
265
251
239
250
232
226
273
301
279
245
352
238
238
238
234
220
263
246
265
252
241
240
318
274
246
353
271
289
368
231
242
230
233
254
244
236
308
260
289
329
348
292
267
288
224
244
250
254
251
239
227
247
275
228
236
520
197
196
223
170
207
203
174
171
170
165
161
167
173
219
177
178
184
196
180
172
174
166
171
182
168
175
172
158
173
170
168
166
169
180
192
240
216
230
237
244
236
308
251
252
278
276
309
307
232
232
353
258
250
237
249
211
193
203
210
199
180
184
185
179
179
193
188
398
207
187
178
199
188
193
172
192
179
181
195
190
190
183
180
175
194
178
182
181
189
188
177
178
190
188
185
189
199
183
190
171
183
170
199
172
193
177
173
180
186
185
228
222
222
302
252
240
232
228
231
240
243
239
254
248
236
254
307
248
305
252
303
305
269
302
367
278
252
212
245
240
295
268
303
262
341
285
350
307
242
269
227
236
241
261
271
264
222
355
295
280
356
280
231
247
245
237
233
243
333
298
240
322
294
294
297
323
242
248
251
232
225
231
233
227
234
326
266
297
277
296
295
372
276
298
245
249
260
298
248
265
303
308
267
234
264
279
273
293
237
227
232
337
288
246
294
350
306
276
278
305
254
261
233
239
256
328
250
243
273
314
291
278
277
244
251
243
238
239
246
277
338
261
300
334
334
228
274
241
230
230
249
238
239
254
337
289
246
398
294
346
270
281
284
247
239
240
242
263
298
239
261
321
256
337
311
283
305
251
239
251
272
232
299
295
251
334
336
321
324
202
194
195
204
197
189
196
194
186
218
190
187
194
208
195
190
194
186
200
193
202
194
188
191
199
191
198
190
189
190
193
190
198
210
184
181
208
182
180
183
183
198
193
174
188
211
192
186
202
195
186
203
188
224
184
195
198
189
184
174
220
194
179
185
184
182
200
185
191
180
177
189
188
180
198
197
179
179
176
188
188
190
185
204
194
200
194
194
191
184
196
177
193
190
229
190
183
185
188
183
182
191
188
183
196
190
179
177
179
179
174
176
186
205
176
200
231
241
225
220
209
202
204
199
211
202
195
193
190
194
210
185
189
191
235
192
214
196
193
184
189
194
206
194
200
193
189
190
211
203
248
242
240
323
255
286
244
274
243
244
228
250
230
259
253
283
318
257
327
309
314
318
271
271
253
291
282
227
213
210
225
234
219
204
198
207
203
224
205
209
197
195
207
224
195
200
182
193
190
208
190
197
219
187
190
218
198
211
224
204
240
238
238
204
209
214
211
257
214
208
270
202
210
195
190
203
195
196
222
200
197
200
196
190
220
200
193
203
215
230
248
234
235
290
323
284
259
309
317
289
261
258
235
267
375
359
327
246
247
229
253
242
223
222
239
240
239
277
379
445
262
205
198
245
200
203
201
200
204
200
261
199
184
191
178
194
191
189
179
178
186
180
186
201
187
193
185
208
196
187
195
182
189
198
200
237
202
217
183
184
186
174
185
179
187
183
242
175
329
196
183
179
185
175
208
190
181
186
179
181
192
191
179
185
193
176
183
176
189
180
187
174
184
181
180
210
187
219
213
217
194
195
195
199
189
188
190
184
191
194
189
190
196
191
186
227
199
189
179
173
184
181
189
183
186
180
192
195
197
192
184
219
192
200
198
218
187
194
184
191
178
174
196
190
189
196
192
169
175
195
175
180
198
194
182
188
235
176
179
194
192
195
202
196
190
181
182
197
193
183
194
187
189
188
188
191
181
192
191
190
180
186
179
198
193
192
200
190
196
184
190
190
208
191
189
191
195
217
232
189
195
185
209
201
210
205
261
215
186
194
185
183
187
185
186
188
213
191
188
177
201
191
191
186
203
192
189
184
189
176
186
176
209
173
189
191
178
236
171
189
179
175
174
190
191
176
168
181
205
175
172
177
179
187
188
175
179
177
196
181
178
187
197
194
179
181
188
179
185
203
217
201
222
212
220
241
236
269
259
292
241
242
252
243
251
250
248
250
249
268
269
256
242
385
256
236
299
251
216
264
241
213
217
203
220
210
202
185
193
253
277
257
237
191
184
191
187
188
202
254
237
229
227
232
283
269
318
259
306
297
252
241
304
242
238
243
246
240
286
254
248
249
294
267
265
276
247
282
293
252
250
269
265
257
241
274
238
242
262
237
253
243
238
238
244
245
253
253
270
263
256
280
272
232
238
247
251
236
236
243
256
242
259
303
287
246
318
268
234
281
270
266
271
246
242
248
253
235
289
247
245
271
276
251
210
205
194
204
192
177
182
205
178
192
191
179
210
180
186
184
211
197
175
197
192
229
192
198
206
206
202
198
202
196
210
197
195
197
178
198
220
197
187
187
186
198
196
196
187
201
197
191
194
182
185
193
173
186
194
175
215
179
188
185
194
177
192
189
183
172
182
187
173
181
183
230
260
242
236
255
235
228
258
224
227
249
237
232
239
233
245
240
292
283
256
344
256
228
235
217
219
237
255
239
260
248
249
238
239
245
252
262
253
237
229
240
283
278
261
284
281
252
239
246
204
203
213
231
206
196
209
254
199
198
196
220
187
209
178
172
176
181
175
179
173
186
182
260
182
176
172
179
180
179
170
168
172
168
173
170
174
174
176
164
175
173
176
172
186
193
172
173
185
188
173
180
175
188
180
188
176
182
185
178
175
190
180
181
181
176
196
177
175
185
180
186
187
179
200
193
190
184
181
188
189
185
182
181
180
195
183
235
189
177
189
204
196
188
184
217
186
177
191
232
251
182
180
220
224
279
292
276
270
233
249
237
191
204
200
200
175
215
206
204
237
232
200
265
227
198
188
191
204
185
201
191
200
181
172
183
181
174
188
173
197
184
186
207
211
190
195
192
176
202
188
184
184
193
182
185
182
196
188
190
183
182
182
180
230
187
185
186
192
180
173
196
185
181
198
187
181
193
188
194
188
176
187
177
187
215
211
200
185
184
192
211
246
209
181
197
201
212
270
247
221
209
207
217
200
198
203
208
192
193
196
202
193
198
185
184
190
192
197
206
200
202
198
219
195
205
191
206
187
192
189
185
183
188
209
189
201
209
233
208
190
195
227
197
235
247
265
210
180
190
180
171
184
184
191
195
191
199
199
192
188
188
234
191
206
205
202
216
206
198
195
194
195
208
183
195
184
235
202
192
181
204
204
184
182
203
199
249
215
203
197
200
179
187
227
193
205
187
202
200
225
179
188
214
192
179
182
185
182
203
191
179
198
182
204
187
185
196
209
191
194
200
226
193
184
191
185
205
182
185
185
171
174
212
196
193
192
199
196
191
192
197
199
185
210
194
210
181
225
190
188
187
204
190
186
181
192
202
185
187
221
192
186
196
195
197
200
204
189
199
189
205
204
205
183
208
190
192
197
202
202
197
202
215
280
244
334
213
208
219
196
193
199
198
225
189
203
191
233
190
195
196
186
186
181
188
184
173
202
180
174
181
187
187
172
165
169
203
178
202
180
185
181
180
170
191
186
176
180
193
180
188
197
190
186
208
374
201
270
230
214
205
226
190
186
201
211
216
208
189
188
203
193
211
241
232
256
242
278
297
342
274
262
250
245
261
252
249
352
258
250
335
247
296
317
236
296
300
229
257
246
240
255
217
218
229
235
210
207
241
264
228
193
240
235
253
254
257
252
278
219
235
227
224
231
199
201
200
197
217
225
202
195
206
222
200
220
235
214
188
188
255
218
193
185
194
191
184
187
186
183
185
199
188
185
191
193
261
304
200
243
245
193
184
173
182
188
188
179
175
178
181
172
186
184
208
369
254
199
237
257
245
230
243
253
248
233
236
259
228
234
265
297
251
231
284
237
280
237
245
249
229
237
247
238
235
245
313
295
247
267
273
263
246
246
278
256
266
257
241
254
249
263
256
286
277
277
253
250
252
241
251
248
242
244
253
255
251
275
241
256
266
272
280
272
272
249
271
265
272
256
248
243
257
267
284
298
315
263
278
253
399
240
211
207
229
218
205
199
206
198
221
211
197
200
225
198
196
194
902
247
318
369
294
190
251
184
181
183
175
177
199
192
182
177
181
187
172
182
181
181
182
191
185
184
229
179
184
170
191
184
173
184
199
191
202
213
188
188
186
179
190
210
180
185
199
208
188
199
189
220
210
245
251
245
240
244
205
189
186
222
208
224
189
219
236
185
178
207
182
181
181
178
174
183
201
207
188
211
231
218
199
192
182
219
192
181
186
176
181
203
182
189
187
181
245
245
286
295
250
202
190
209
178
207
180
188
197
178
183
187
199
195
187
175
192
178
191
194
189
195
198
200
192
201
201
204
195
191
219
187
222
228
250
194
178
195
175
235
239
197
200
213
196
200
208
213
217
220
199
200
189
232
210
205
210
227
207
192
190
218
181
191
196
179
181
185
179
182
177
185
188
180
182
190
181
200
188
189
175
187
205
191
184
189
176
190
184
175
184
187
186
188
183
188
176
186
186
198
184
179
183
203
189
214
193
177
180
176
180
189
196
169
175
177
171
186
178
177
203
204
204
187
213
205
188
191
189
199
204
195
188
188
177
193
187
181
178
207
202
211
261
218
208
196
183
185
184
191
184
179
207
185
192
180
189
186
186
180
191
201
189
175
219
192
192
190
206
200
186
186
192
188
185
178
187
194
203
188
198
184
177
195
251
181
187
179
202
200
176
165
183
180
169
185
179
174
180
172
179
182
172
175
175
203
231
187
192
176
180
180
175
189
179
173
188
191
180
194
198
188
203
185
188
206
192
177
183
192
188
184
189
169
205
181
167
181
166
187
199
184
177
184
188
177
179
224
184
190
398
244
244
237
234
241
254
237
243
243
252
269
238
332
273
355
277
278
300
269
234
225
240
243
283
304
254
258
270
270
363
271
284
236
263
244
231
258
314
297
250
259
262
342
338
333
298
308
262
262
280
252
341
278
254
290
273
272
233
276
317
262
311
269
254
240
257
221
225
221
205
218
218
220
224
197
189
194
187
191
196
216
219
214
211
212
230
219
241
233
209
225
200
211
195
212
211
230
231
236
249
260
249
262
268
295
272
284
253
258
252
296
239
278
263
253
282
277
239
254
257
255
265
257
246
259
249
261
255
270
245
290
248
255
255
337
287
250
238
268
271
255
246
253
249
257
269
213
216
225
239
234
206
227
209
193
200
205
226
198
226
200
179
193
188
194
190
189
197
216
216
227
191
205
195
190
201
194
194
202
193
197
196
189
232
195
194
196
251
212
190
196
185
181
195
187
180
194
181
194
192
177
183
199
200
196
183
197
213
213
194
186
206
194
182
193
193
190
197
202
196
195
180
193
214
183
196
207
220
211
183
173
175
203
195
194
196
192
180
189
187
175
195
197
222
198
185
206
213
217
203
218
187
197
211
191
190
205
204
223
197
185
210
200
196
192
195
201
268
223
202
264
284
223
201
196
197
204
201
213
202
206
208
204
196
233
194
200
207
209
202
220
203
211
207
203
191
232
207
206
225
264
219
207
227
218
204
190
213
210
217
236
243
235
276
241
243
263
258
244
307
265
264
283
263
244
249
249
286
265
276
279
284
255
243
292
290
248
235
225
216
200
200
202
203
234
213
202
184
180
188
208
197
202
214
178
195
190
177
177
192
198
193
174
222
201
191
180
187
197
180
197
197
230
184
177
196
189
187
202
181
193
176
189
184
181
181
176
179
179
185
207
224
197
214
194
203
175
205
199
191
173
179
185
173
191
181
188
196
193
193
178
179
182
197
203
196
192
200
188
229
216
212
188
206
228
216
217
202
198
200
203
239
235
242
244
202
215
240
208
190
195
199
204
209
197
181
217
212
197
191
234
220
200
218
200
212
220
196
192
183
176
193
191
184
178
195
197
183
203
184
214
180
183
190
188
189
180
182
199
192
236
227
227
227
211
190
184
195
174
196
198
198
176
200
173
195
183
176
185
186
189
192
252
241
235
261
241
236
253
248
240
249
233
232
247
247
236
252
263
250
234
247
208
226
206
260
232
197
218
223
235
225
202
206
203
205
224
210
210
211
222
205
225
251
196
212
184
198
244
204
201
227
202
223
226
201
213
201
194
207
221
220
238
196
206
225
230
203
212
219
205
253
198
192
200
213
232
205
213
206
221
189
214
209
205
190
205
202
216
252
261
250
254
296
242
269
285
303
314
302
252
261
257
260
306
280
262
281
268
281
316
264
237
233
216
230
220
211
247
274
251
245
243
262
250
249
265
254
241
244
244
256
256
243
254
258
245
246
237
235
249
245
268
251
244
251
250
241
248
242
249
254
264
244
244
266
240
304
273
245
262
257
268
251
247
269
244
241
253
242
242
239
248
289
264
252
259
272
227
220
205
217
229
197
187
203
194
193
192
192
205
203
180
183
182
185
177
196
185
184
196
180
200
184
175
170
182
182
176
188
181
200
202
192
191
228
205
204
187
194
182
194
184
181
196
200
209
209
190
190
195
219
176
207
184
183
195
194
185
188
186
184
194
179
177
194
194
197
195
194
192
218
195
190
183
183
195
186
204
189
195
178
209
190
177
211
195
201
204
203
186
196
223
199
194
206
192
190
187
192
183
181
177
193
206
204
220
228
220
205
194
220
217
204
198
188
197
180
191
182
188
195
193
186
231
229
257
299
255
291
289
276
229
250
270
244
240
253
250
251
250
241
241
253
286
259
265
242
243
255
244
246
259
245
246
252
254
303
274
257
260
282
234
255
282
243
251
249
236
240
250
244
254
254
251
277
263
259
255
258
240
260
243
254
245
249
248
245
279
245
304
294
198
192
266
208
209
211
191
203
223
193
186
190
194
199
187
188
188
209
183
190
183
174
185
207
177
194
184
200
215
189
213
197
234
220
209
193
239
199
203
200
181
201
215
205
194
195
194
204
212
209
194
209
222
199
232
226
229
205
201
233
231
234
231
239
237
259
241
249
272
279
259
292
288
254
254
266
283
288
265
262
274
275
264
259
218
242
302
254
230
226
208
218
217
215
223
213
212
200
224
218
223
216
215
241
209
255
224
208
205
192
191
189
191
195
199
178
188
187
180
190
197
188
200
210
194
198
193
204
198
328
850
218
207
198
219
199
193
194
208
191
201
208
195
205
208
194
202
206
195
201
207
226
199
243
185
250
232
226
209
207
202
221
221
203
194
198
185
214
181
192
187
175
178
209
204
189
195
220
199
194
183
173
181
175
168
210
218
193
214
185
179
189
175
205
177
173
178
204
178
181
182
182
178
177
177
174
183
176
175
233
172
167
187
187
216
184
176
178
192
188
187
193
183
190
186
188
174
192
178
185
204
192
204
195
268
260
191
199
215
199
188
191
194
195
251
187
178
175
192
182
186
182
179
187
200
189
182
195
282
296
230
210
229
218
191
178
205
197
195
182
200
181
219
168
189
188
187
193
189
172
177
191
176
193
191
189
185
181
183
190
195
182
187
182
181
195
197
261
190
188
184
180
185
184
176
182
175
181
176
191
178
188
175
190
182
183
183
184
192
208
200
180
187
190
185
191
200
204
206
202
184
185
189
178
186
205
190
187
202
190
253
195
212
254
227
219
183
190
195
182
177
187
181
178
234
204
215
238
266
217
174
165
179
174
193
177
173
181
174
174
174
174
168
175
168
190
179
187
192
173
179
189
179
189
190
197
189
192
179
203
195
177
173
175
173
179
173
178
183
197
176
181
175
175
190
194
185
198
184
188
197
208
179
197
178
224
206
175
173
189
205
190
191
198
202
210
203
187
195
198
234
222
211
231
200
200
191
188
177
225
198
199
179
198
196
190
187
195
185
196
213
219
217
229
233
224
205
223
246
224
192
194
182
195
187
184
187
189
189
186
187
328
207
219
198
184
190
210
191
199
184
185
183
172
223
214
174
183
183
178
172
187
194
234
210
196
194
215
198
232
262
244
272
240
198
222
219
216
224
218
211
240
247
226
242
259
274
244
195
203
199
198
194
186
191
178
176
183
192
194
209
213
197
245
187
184
204
201
192
199
181
188
202
201
206
192
220
225
238
241
194
189
245
252
346
340
206
190
185
188
197
205
195
194
188
193
200
195
188
204
191
190
178
178
183
169
176
169
175
165
173
175
178
180
176
171
166
175
173
182
171
195
168
180
170
233
238
248
247
239
236
233
240
242
239
232
234
228
294
291
303
309
245
234
246
238
239
235
234
244
259
252
275
317
309
302
327
313
257
253
242
252
244
256
292
254
256
276
292
270
250
261
277
249
251
242
238
240
236
248
321
244
242
336
295
279
253
249
240
240
244
240
251
238
253
354
276
305
297
264
258
267
283
252
253
238
250
243
236
298
304
250
293
298
243
259
261
227
257
253
257
247
246
235
298
267
252
281
255
252
206
194
192
182
199
184
207
219
203
208
207
207
201
208
207
225
202
199
203
221
202
215
188
188
193
192
197
192
192
192
190
201
206
190
202
217
204
198
204
194
213
185
198
208
191
214
189
190
185
201
197
189
210
170
193
214
184
178
176
171
182
196
187
169
173
189
198
184
201
189
211
261
184
178
171
194
172
172
204
172
169
173
170
176
174
177
172
166
170
181
195
170
165
168
181
170
168
192
185
178
177
182
180
176
172
187
202
198
197
216
201
201
225
196
201
198
187
229
192
197
183
192
196
191
184
189
197
196
178
207
200
197
191
219
209
205
204
273
239
334
256
215
205
202
192
191
195
200
190
196
198
205
206
193
176
210
221
177
179
180
205
194
195
194
199
185
197
192
189
193
243
195
184
262
262
252
249
233
252
246
237
242
242
251
234
252
274
329
245
230
276
303
324
260
242
244
243
250
267
245
255
248
276
262
305
331
268
245
244
271
246
277
279
229
240
236
300
294
252
311
297
261
328
273
247
239
240
245
254
251
247
260
246
242
259
276
253
255
262
265
250
256
269
261
260
265
302
253
251
318
281
259
253
261
277
290
279
271
255
257
259
263
257
272
254
273
248
207
207
276
258
238
238
276
232
225
275
227
215
201
220
242
228
194
190
202
186
186
177
192
178
178
178
176
176
190
191
193
196
205
187
189
201
187
195
190
178
178
175
228
187
186
187
186
192
187
210
200
186
213
205
202
201
199
189
190
200
187
200
211
203
182
231
215
255
193
199
194
192
221
184
231
257
257
198
206
192
194
194
199
185
197
201
245
252
203
202
238
256
242
192
209
194
213
193
199
195
193
193
196
190
172
236
198
196
201
250
204
192
193
192
185
208
187
191
186
192
209
203
181
189
220
197
197
199
204
189
188
247
181
194
222
185
183
193
185
191
197
186
192
178
214
270
215
190
263
243
224
201
224
211
192
183
184
210
220
188
207
226
238
197
202
210
237
191
207
213
249
234
242
181
178
189
225
246
238
245
231
235
229
249
261
250
253
241
242
237
248
238
238
247
239
234
259
277
231
281
282
286
288
329
242
254
249
247
255
253
247
323
255
258
291
283
306
260
256
231
242
240
277
258
259
243
257
241
237
323
298
266
265
241
210
215
188
207
231
206
242
196
208
196
192
185
213
193
226
283
237
219
204
192
183
188
210
179
197
208
190
212
188
182
194
220
193
179
195
189
191
204
199
184
192
194
188
191
184
180
193
205
196
198
198
211
212
177
189
203
179
186
192
190
200
192
194
180
204
192
194
227
202
205
191
215
214
212
178
207
214
197
196
197
179
188
175
178
181
190
182
200
193
180
175
225
199
182
201
184
172
190
196
177
189
207
215
228
218
196
194
254
205
237
296
290
297
326
230
218
240
281
219
217
212
229
218
352
238
243
177
219
171
201
177
184
173
227
203
193
230
192
211
226
202
201
226
194
201
191
192
188
195
182
183
190
183
189
180
183
178
181
195
191
186
219
204
184
171
222
180
170
202
173
172
167
171
179
173
184
178
182
176
178
179
178
172
170
183
176
203
183
188
172
198
213
203
204
209
205
204
198
208
188
187
186
195
192
217
192
237
205
214
271
188
208
191
191
189
199
190
193
197
190
179
183
190
192
193
202
227
187
214
192
183
207
189
186
181
185
178
178
171
178
186
178
223
205
199
198
199
216
202
195
198
213
203
207
191
179
191
180
191
202
203
192
202
182
199
216
195
202
205
202
189
199
183
186
196
191
210
204
201
215
214
191
186
201
216
208
215
206
219
233
202
193
183
180
280
198
192
213
194
191
194
185
203
232
230
199
221
207
294
202
197
176
196
178
190
192
202
190
200
200
197
190
201
186
191
197
173
195
202
195
188
187
192
182
199
190
181
201
182
174
179
179
175
278
205
195
202
196
176
188
194
177
196
188
187
205
207
203
249
243
185
211
211
193
192
188
179
201
194
196
186
196
191
201
197
198
200
227
219
258
208
234
253
289
237
216
206
199
223
228
206
208
192
208
227
247
230
215
235
290
207
194
202
208
215
246
213
200
230
201
258
203
199
205
203
202
239
263
262
277
314
200
189
192
196
187
205
192
189
189
223
224
224
207
306
252
220
217
206
202
185
188
177
217
204
194
189
189
260
268
268
289
296
265
239
251
251
259
248
267
233
252
247
236
255
284
248
378
302
267
279
247
244
218
240
249
254
215
231
242
227
208
250
207
242
218
197
214
191
198
169
179
191
203
200
207
503
244
206
242
282
220
217
210
227
260
258
209
204
226
222
188
211
269
241
207
264
289
301
290
253
245
197
208
226
217
226
216
212
225
226
218
234
250
272
247
234
229
426
205
215
203
207
204
224
221
205
242
217
282
241
247
236
245
231
235
238
298
223
206
198
200
243
277
209
250
270
216
282
197
283
220
189
193
205
183
188
199
209
184
195
182
187
206
202
210
209
201
188
188
184
193
209
199
224
210
197
201
201
209
195
195
186
262
268
282
248
293
189
189
189
194
188
179
181
188
187
199
239
205
199
249
195
199
269
271
208
256
204
195
195
203
178
186
184
193
256
222
210
218
204
187
197
198
193
174
191
199
185
182
188
193
192
201
212
213
200
194
205
238
229
292
205
194
225
194
189
181
188
195
189
179
167
193
183
194
195
189
202
253
192
215
257
254
193
202
204
200
207
199
192
191
199
206
181
176
182
212
206
198
184
183
185
185
196
211
219
210
215
204
203
208
250
244
234
230
223
219
208
200
205
191
209
190
198
189
204
219
216
217
226
248
241
219
324
191
205
190
229
235
207
203
196
212
226
225
202
212
280
276
233
298
295
328
364
299
269
265
225
234
234
235
297
336
223
294
321
282
269
276
240
222
208
212
178
188
189
189
219
179
188
178
189
206
263
237
317
271
200
244
254
263
242
244
259
287
250
242
271
288
279
304
267
284
343
254
249
230
196
216
221
241
205
220
217
277
255
305
235
200
197
192
187
193
210
203
190
213
204
214
217
315
232
245
322
232
197
198
191
188
214
195
193
197
198
222
268
196
239
299
273
283
211
204
197
201
216
213
240
235
227
268
313
234
266
315
328
316
307
296
267
312
246
235
240
240
247
255
259
304
309
271
287
243
222
214
232
235
212
225
200
242
236
221
282
247
201
274
196
202
229
221
196
200
194
203
242
183
201
236
238
188
219
212
194
198
224
241
227
205
187
201
221
173
183
189
191
187
214
196
186
258
185
190
180
172
195
191
197
200
194
178
174
200
174
194
185
239
176
189
182
190
213
194
189
184
191
187
181
195
176
192
186
211
179
197
178
173
175
183
177
166
175
189
185
175
169
181
181
198
195
206
190
191
205
190
297
259
278
225
217
242
203
201
204
218
237
230
211
207
207
237
213
211
199
214
246
250
239
248
275
285
233
234
269
268
251
215
239
271
196
255
203
205
215
212
233
203
211
235
267
284
255
194
213
188
184
190
191
211
209
201
199
235
204
190
191
196
187
193
195
194
191
196
188
206
201
192
190
197
208
200
207
225
192
199
191
216
244
205
187
183
191
181
205
197
195
184
216
242
215
218
282
214
181
191
194
195
197
187
181
183
246
218
211
191
224
204
183
188
191
212
207
186
202
188
178
186
187
190
194
191
180
192
184
183
186
194
186
195
182
195
203
218
249
228
196
205
197
191
188
181
188
182
188
184
194
230
199
193
197
203
215
205
193
208
201
186
176
178
197
183
205
203
201
207
243
241
214
194
372
265
315
272
228
202
199
212
209
213
214
227
226
178
193
225
303
223
181
187
188
197
189
188
183
192
188
174
195
186
182
177
186
178
176
181
190
231
190
174
179
185
182
172
182
177
183
186
175
176
176
178
171
180
185
186
176
182
205
185
175
185
184
188
186
183
180
187
193
176
179
175
172
186
203
186
190
191
170
246
185
190
184
193
184
191
188
181
190
190
209
208
547
401
260
197
223
220
201
185
201
196
188
203
203
208
190
182
187
200
201
205
191
183
212
224
198
209
208
187
206
211
208
205
224
187
205
201
192
182
187
217
187
222
264
212
214
225
213
223
218
212
216
218
224
219
201
213
246
239
212
223
244
212
216
221
211
213
260
203
192
210
219
209
206
207
212
207
192
205
236
225
314
268
276
270
218
205
223
220
223
200
213
252
216
219
207
260
204
217
183
210
203
193
190
176
183
219
197
214
208
187
178
225
207
191
230
216
187
200
194
183
213
187
179
188
196
199
186
199
193
199
226
210
189
232
296
192
207
222
200
178
176
197
195
197
209
194
192
188
284
227
194
204
384
305
327
304
313
270
247
234
237
237
238
291
280
233
274
378
284
313
328
384
278
283
293
254
232
361
239
279
237
238
217
227
212
227
215
200
224
204
203
194
210
332
236
210
239
239
289
315
215
213
207
223
212
208
217
234
195
217
243
217
227
316
269
211
216
271
307
285
196
220
194
183
219
200
238
201
196
195
264
261
245
309
285
203
207
195
207
224
233
223
263
295
269
240
280
299
288
243
267
259
248
244
247
251
246
248
270
257
268
312
269
287
286
328
281
607
238
232
214
257
267
200
243
226
190
198
217
196
191
199
223
230
200
196
198
190
205
213
207
201
201
220
202
280
227
196
203
195
189
216
190
198
203
202
192
220
193
196
197
224
225
228
205
194
195
200
210
209
218
234
249
244
234
257
263
255
265
312
300
277
278
282
263
262
309
257
258
294
292
289
291
280
257
275
282
294
245
219
227
242
217
216
205
227
212
213
214
220
199
206
232
226
212
199
200
199
244
202
206
196
201
208
238
209
198
241
194
215
227
199
200
200
196
211
203
237
231
195
219
289
211
209
198
252
205
194
223
200
195
219
199
191
206
203
205
226
201
199
211
233
246
267
262
264
237
233
267
260
254
251
269
263
253
262
270
264
339
338
306
265
272
255
269
254
283
249
337
244
242
227
236
301
255
278
288
264
270
269
261
268
251
259
269
310
269
283
267
244
276
251
252
266
293
254
266
251
254
302
261
255
296
271
278
298
260
249
246
254
252
249
268
300
274
277
273
279
257
263
295
270
340
248
254
250
248
258
268
266
276
274
261
279
254
206
202
200
201
212
203
228
228
247
303
255
251
335
267
249
231
261
254
244
246
241
240
257
245
261
266
263
275
266
258
249
274
259
240
272
275
254
276
275
309
253
239
262
259
277
251
253
248
254
333
253
253
251
254
268
248
269
295
261
273
254
278
270
249
259
265
261
268
259
260
254
300
260
255
257
274
264
237
202
211
227
204
199
222
207
210
189
188
196
210
190
218
196
191
186
199
175
183
175
190
200
185
181
188
185
220
236
199
191
233
196
189
186
186
187
181
188
187
188
184
186
180
187
189
172
187
171
179
185
212
189
184
194
195
196
186
184
194
177
183
190
171
182
179
188
195
195
171
181
181
205
177
184
177
172
181
177
177
191
203
207
226
243
248
233
278
232
230
251
281
230
258
239
256
254
248
249
237
252
251
243
314
257
252
275
292
271
252
239
243
249
249
245
250
241
240
297
286
256
291
311
290
315
274
249
251
254
262
257
243
264
256
253
250
269
289
250
250
257
264
252
249
249
255
258
260
273
266
252
339
279
301
250
263
257
270
249
264
266
264
306
279
223
265
251
214
221
229
239
219
223
213
226
224
237
230
228
246
225
228
243
215
217
192
199
230
226
221
223
228
229
219
228
216
234
224
207
227
215
208
217
222
215
224
227
217
209
226
202
216
204
221
229
209
211
219
243
210
207
219
231
237
222
208
216
221
212
216
214
300
207
204
203
244
258
223
201
216
214
205
194
198
210
214
186
210
212
204
220
196
197
218
205
220
205
203
201
190
196
211
208
202
213
194
196
210
201
228
187
198
216
207
201
236
186
187
205
253
210
201
198
194
205
209
207
206
199
209
204
214
216
274
255
232
244
217
248
195
194
191
203
193
203
204
205
177
180
188
223
216
204
203
197
213
201
193
196
185
204
196
203
209
211
230
202
187
201
267
187
199
183
174
179
176
179
187
203
204
197
189
189
182
225
278
203
212
243
197
172
183
197
199
199
199
192
210
216
228
222
213
208
220
221
212
205
261
235
224
230
246
224
235
202
195
205
226
220
214
217
205
230
222
260
271
257
209
229
222
199
211
220
215
224
202
213
213
265
221
212
245
210
212
233
200
206
214
188
207
226
240
208
214
201
189
247
267
196
263
227
219
262
244
202
190
191
181
190
192
168
179
178
179
196
177
171
186
174
216
220
207
216
193
212
190
187
194
187
217
218
202
207
225
220
199
217
244
266
258
280
201
190
197
193
195
186
210
229
227
224
220
243
212
197
245
250
311
322
287
256
232
234
233
209
214
212
232
231
237
208
234
216
198
183
196
185
195
196
196
199
188
167
193
192
174
188
196
239
234
266
299
242
280
235
212
204
210
220
217
205
212
210
196
241
205
206
227
226
216
228
227
206
226
205
205
200
202
198
211
199
208
198
227
222
227
276
276
265
249
202
206
217
228
223
225
212
212
217
229
275
195
215
232
200
292
263
201
309
231
233
239
215
216
202
212
213
215
208
247
213
213
208
238
249
208
239
234
233
208
267
208
219
252
243
212
281
246
185
223
209
231
247
210
214
217
212
199
227
244
250
320
215
278
250
190
203
214
207
202
212
207
203
220
209
206
222
211
207
195
201
236
243
217
221
190
204
220
198
195
191
203
208
207
197
196
185
187
200
191
218
201
228
201
194
207
194
211
188
190
189
182
205
205
204
192
191
184
189
178
209
206
238
219
239
275
199
207
199
196
202
188
195
190
200
194
218
174
189
227
181
178
185
210
236
233
197
208
218
207
190
201
252
207
179
185
183
190
215
183
189
177
187
188
183
190
181
182
180
183
178
173
176
179
174
177
169
183
185
202
178
202
173
174
178
170
184
184
184
175
179
176
168
278
287
222
191
196
182
213
194
188
196
204
188
188
187
187
207
184
184
180
183
181
172
176
188
209
188
178
203
196
190
182
182
204
185
178
178
176
174
183
190
186
236
272
267
251
311
267
260
254
256
249
247
248
236
245
240
237
251
320
291
245
288
346
315
251
192
199
205
189
200
205
203
204
210
227
188
183
197
223
277
190
199
199
190
182
184
178
188
188
185
184
186
192
206
236
184
183
180
275
186
184
179
184
172
179
188
175
175
179
173
178
178
187
187
417
389
259
193
180
214
208
207
227
206
194
205
200
197
193
197
212
222
205
194
195
241
225
225
231
189
262
231
269
239
206
178
189
185
216
248
225
186
195
291
196
196
232
216
262
202
185
216
215
208
195
202
207
271
221
225
198
290
219
211
204
188
196
190
210
190
190
214
205
214
224
282
279
194
191
285
229
215
211
210
206
237
218
243
262
246
248
243
273
294
262
285
239
267
280
287
317
243
360
273
255
258
270
249
230
240
275
242
238
218
225
207
183
213
195
201
186
209
186
206
186
177
200
188
236
238
189
187
188
179
191
189
187
198
204
197
195
198
214
237
205
199
205
230
211
233
238
204
272
212
219
235
192
186
206
205
198
210
224
234
195
245
213
302
275
232
230
218
200
196
265
250
244
238
259
239
244
280
285
309
342
312
341
259
300
283
256
278
344
245
637
425
264
193
214
200
192
205
185
199
190
182
216
205
196
185
174
203
174
186
200
196
180
200
199
197
203
186
223
205
188
187
222
252
244
211
286
272
247
285
284
191
180
184
171
176
195
170
187
186
221
187
204
168
254
227
220
204
187
211
207
198
210
198
197
205
220
239
264
274
271
241
384
293
259
249
257
242
230
279
251
259
255
253
269
259
332
298
304
285
247
270
235
252
246
211
245
228
234
209
222
233
277
211
215
214
222
231
206
215
208
230
196
212
192
211
233
208
212
200
241
211
230
211
205
206
205
217
207
206
203
216
207
227
208
241
204
202
256
223
256
262
202
238
237
238
245
232
226
237
241
282
258
258
315
263
245
270
313
274
274
293
283
286
279
265
275
254
262
265
246
271
222
248
217
240
217
230
214
261
278
283
245
242
305
255
250
262
256
249
208
211
224
200
203
201
204
318
207
193
200
197
194
196
197
200
211
184
180
190
194
176
186
173
179
180
190
237
193
189
184
200
184
184
188
185
181
184
187
184
183
182
176
178
169
189
181
172
198
190
182
180
192
174
182
179
209
186
195
178
202
192
192
207
196
188
194
195
185
193
208
212
259
220
200
197
199
208
199
194
192
199
182
181
198
190
189
219
206
198
182
236
202
199
218
192
196
194
209
188
182
221
203
195
191
201
225
206
209
204
209
197
192
208
202
201
201
195
195
216
200
201
197
194
196
211
194
196
195
186
210
207
208
205
193
199
206
212
198
189
192
199
229
216
239
276
231
230
309
284
265
262
261
251
257
251
254
252
253
264
308
269
325
337
263
267
266
262
263
269
267
254
215
249
237
237
210
215
290
212
204
223
198
203
227
204
207
223
204
201
220
203
253
209
189
200
233
196
200
197
191
221
197
190
209
196
213
220
210
198
235
216
193
206
208
211
198
200
199
217
207
207
217
214
226
236
244
244
242
278
247
246
371
285
282
275
268
254
263
246
254
248
248
297
269
261
287
296
257
265
246
294
238
224
249
232
240
222
251
236
212
201
226
198
276
267
235
208
203
221
213
204
205
204
196
214
217
204
193
196
231
219
248
247
204
203
199
207
216
199
212
205
198
218
255
232
201
204
237
205
202
196
192
209
205
188
844
211
191
204
235
191
222
220
231
229
259
234
230
255
265
281
277
263
263
269
304
304
281
343
317
309
291
282
304
290
267
287
246
280
223
214
228
265
207
204
213
221
207
213
198
200
223
220
263
206
200
233
208
217
208
245
203
239
201
190
207
209
211
205
187
196
212
200
223
224
240
227
199
247
218
203
210
210
188
222
203
206
208
192
203
220
198
234
241
237
255
313
243
297
243
261
297
293
284
263
256
262
312
252
244
296
299
304
273
250
224
291
242
234
258
248
234
251
255
266
268
252
245
258
287
245
250
245
255
251
257
254
263
252
261
308
277
253
256
251
250
248
274
248
283
263
251
263
250
255
293
268
271
257
260
257
254
251
265
254
252
252
277
238
271
304
248
250
253
264
251
257
254
242
253
261
253
249
251
243
268
272
272
252
266
282
269
279
268
280
214
225
225
217
236
210
267
223
204
208
215
215
220
188
194
204
213
201
197
198
199
250
197
189
188
208
223
192
193
198
179
201
177
206
192
202
189
196
179
181
203
194
192
202
190
243
218
214
215
187
182
196
184
176
181
366
212
186
182
186
192
184
175
191
273
191
178
189
203
186
185
179
201
187
193
190
180
198
184
182
181
191
178
202
230
197
218
200
512
284
221
190
194
191
196
194
188
205
201
194
190
222
193
224
180
176
191
184
183
178
176
175
170
179
181
176
177
175
172
178
188
178
219
176
180
169
183
183
170
178
177
185
190
186
189
186
182
186
187
216
181
181
186
212
195
192
190
204
184
195
199
192
182
185
209
195
190
187
193
196
189
194
204
224
240
208
191
183
191
189
193
191
196
187
187
184
183
191
179
197
199
187
198
234
203
215
203
204
204
194
210
205
210
189
192
187
190
198
230
203
204
217
253
252
239
209
201
201
202
188
192
208
228
210
213
214
242
218
195
208
324
233
243
281
258
185
217
199
209
224
190
214
185
271
361
211
300
220
180
198
202
197
207
206
212
221
221
216
211
214
219
252
227
218
231
261
212
220
206
229
222
224
239
201
241
219
215
241
243
237
246
241
248
306
329
208
268
210
203
214
312
205
209
189
210
186
186
216
262
198
186
188
175
190
199
201
191
236
239
240
237
228
266
250
233
244
274
279
240
254
286
267
263
237
268
249
249
240
259
273
255
282
239
249
282
284
283
262
256
254
265
258
247
274
242
260
282
286
263
254
252
251
254
227
244
222
224
219
227
215
223
213
234
209
211
207
202
201
185
208
195
214
210
206
189
211
211
203
198
222
210
221
223
211
202
192
196
202
205
189
193
197
212
200
190
202
210
192
193
198
208
196
198
214
203
202
198
198
192
191
189
202
194
188
187
191
189
204
192
184
214
204
198
193
206
198
197
182
195
200
203
195
199
192
194
198
206
218
228
295
274
220
196
186
200
187
194
209
198
201
202
199
189
207
210
406
217
227
200
204
211
199
227
275
215
204
235
255
228
209
233
226
236
213
220
191
189
202
193
196
190
195
185
190
197
180
172
196
202
191
187
197
179
193
212
192
194
212
203
191
181
187
181
187
190
194
195
195
190
204
182
182
182
188
192
202
179
192
192
210
193
187
186
196
192
184
192
187
182
189
188
193
205
191
199
201
192
180
209
245
192
214
217
248
244
198
173
187
201
188
195
195
190
216
214
184
201
194
187
227
204
192
196
191
190
218
196
193
195
197
194
212
198
199
204
202
215
231
192
195
201
199
186
222
194
202
203
189
198
221
202
189
224
196
189
231
196
190
196
188
188
222
201
194
196
183
196
227
233
248
231
240
229
235
235
240
234
232
227
238
236
234
237
239
237
246
230
232
244
253
256
256
242
238
244
235
248
254
248
243
253
196
187
211
219
200
195
206
200
205
187
179
185
177
181
179
177
176
181
173
173
189
188
196
194
204
188
182
220
173
188
200
196
190
191
194
229
229
218
203
216
198
212
201
260
244
232
226
195
183
181
181
183
179
193
179
180
186
178
178
177
170
187
195
211
176
177
179
177
182
175
183
184
174
182
177
176
180
187
195
176
184
180
188
180
226
186
191
180
232
205
313
192
289
203
194
203
192
202
202
196
192
195
196
239
187
174
179
181
185
190
210
205
200
198
203
192
208
203
206
204
198
193
229
193
182
220
209
189
207
189
201
199
194
191
204
195
198
198
197
187
204
193
212
207
218
217
211
192
198
189
188
199
195
200
186
216
188
186
173
177
195
183
219
180
438
210
184
187
178
177
196
193
182
183
174
187
191
180
203
239
185
221
182
179
234
231
206
213
211
205
203
188
182
224
197
191
181
197
190
179
224
206
195
200
176
182
199
195
208
194
187
193
179
170
179
190
177
182
199
191
203
189
197
194
191
188
189
202
193
193
192
187
192
190
198
190
203
180
181
203
198
218
223
220
189
196
185
192
202
185
181
202
194
191
184
187
193
194
192
179
221
169
202
184
249
188
173
194
185
192
191
190
202
239
258
242
246
247
254
271
253
305
295
268
267
282
207
186
186
184
181
185
235
185
174
186
202
191
177
184
171
198
184
185
190
189
187
173
247
186
190
182
190
180
178
171
183
184
179
163
186
176
184
214
210
175
184
201
197
181
187
176
205
196
202
199
188
226
203
206
193
187
182
208
205
184
182
221
198
183
194
189
181
191
3956
319
250
212
190
224
208
202
258
246
310
240
247
233
262
278
273
226
211
253
190
195
188
197
195
176
175
188
174
194
173
200
180
206
192
196
173
204
180
187
311
186
202
192
189
185
208
196
176
197
202
196
206
192
176
184
183
200
191
210
213
194
179
206
204
185
193
202
210
194
202
192
183
195
200
197
207
204
195
255
245
231
236
255
261
250
245
243
241
250
245
347
288
239
297
253
273
264
274
259
254
436
308
246
241
345
268
253
263
376
372
252
316
285
302
309
330
271
268
276
249
333
282
298
249
272
243
278
296
245
233
272
281
266
265
261
213
287
248
200
270
260
211
203
199
194
183
196
185
210
196
176
202
211
265
205
184
187
184
184
187
178
184
186
229
205
215
198
210
260
189
192
228
199
230
251
441
201
185
190
189
196
195
176
208
202
182
172
190
190
183
201
189
198
177
177
178
204
179
180
176
195
196
182
193
180
197
187
177
176
179
189
202
170
183
202
196
180
180
181
177
189
179
185
175
181
189
183
184
199
181
189
187
210
194
184
192
206
209
190
191
199
210
203
208
203
206
187
212
210
192
226
253
230
199
237
197
213
224
213
219
202
227
206
185
209
329
196
220
206
220
188
212
180
192
195
192
397
188
178
171
185
181
170
180
217
179
205
189
223
189
195
230
219
194
214
216
206
214
222
204
200
202
206
226
222
217
247
223
286
231
210
241
191
191
190
192
209
247
211
251
277
276
263
280
273
199
236
238
239
228
237
232
266
234
248
264
370
307
304
333
301
319
294
320
306
325
254
248
257
302
280
221
319
289
342
288
207
218
209
195
205
215
220
199
251
234
207
215
247
258
219
204
217
201
202
195
190
192
191
195
185
196
190
186
243
236
203
232
208
229
222
206
196
227
217
210
221
222
255
214
215
219
217
224
222
226
221
221
220
216
230
218
218
221
220
220
228
214
295
256
253
299
247
244
255
248
268
273
240
210
188
184
191
180
204
305
187
200
217
236
271
233
193
192
194
188
184
192
187
179
200
199
177
236
278
203
194
243
188
185
197
186
208
199
197
196
194
200
218
235
202
208
248
210
213
202
275
228
225
224
331
186
194
202
199
206
200
194
190
200
229
202
204
206
253
236
299
202
193
222
197
201
205
184
193
189
187
191
218
224
195
196
223
311
226
223
202
236
209
221
201
191
198
196
196
173
189
190
215
203
200
195
213
198
223
194
202
204
189
192
200
209
187
228
220
229
217
204
187
210
194
243
196
209
207
203
192
209
194
281
197
193
222
192
191
258
232
213
262
203
228
220
220
231
215
209
200
226
213
205
220
215
182
219
211
224
237
276
228
280
277
224
247
255
279
234
230
246
200
199
176
192
217
231
189
192
211
204
200
204
181
187
178
196
189
186
184
181
183
213
193
192
209
214
185
194
195
194
206
185
186
185
190
207
203
187
188
326
208
246
193
207
213
208
197
201
210
210
216
221
256
202
204
212
242
298
205
242
196
320
197
189
185
190
196
192
196
197
188
211
204
191
202
241
266
194
207
213
198
202
188
212
219
268
220
207
217
219
182
188
197
190
208
232
207
236
251
247
240
239
207
192
505
209
301
223
212
213
187
194
185
184
230
206
186
190
194
180
188
196
183
186
185
173
185
199
190
187
181
187
186
189
198
176
178
182
179
170
174
179
178
182
169
173
206
180
184
214
205
247
184
182
178
202
182
187
180
187
186
204
187
191
203
199
191
196
192
177
182
185
180
182
184
179
223
212
193
225
244
281
216
246
192
201
241
197
190
197
208
193
184
190
214
224
190
198
184
185
210
194
189
198
205
200
191
182
184
198
194
179
190
195
194
198
189
182
193
185
191
195
186
186
186
219
210
201
208
193
277
186
201
199
218
193
242
