592
530
327
327
271
277
285
246
261
229
274
259
297
248
237
239
198
191
244
228
226
207
249
208
243
278
277
265
245
259
269
254
267
253
252
240
232
280
259
230
284
242
279
300
303
265
249
259
237
286
246
237
280
259
264
272
259
256
243
250
260
256
243
271
249
239
240
274
259
245
262
261
246
236
248
248
248
250
248
248
270
249
267
260
237
312
259
314
261
260
250
247
251
249
242
257
252
236
230
248
249
296
262
277
251
260
241
267
237
231
254
252
294
297
244
335
307
248
221
341
333
247
266
259
245
240
258
318
266
258
291
363
261
257
259
260
262
279
248
300
248
308
242
239
300
242
243
261
242
246
248
235
242
244
259
244
238
238
249
257
282
247
267
242
276
243
238
236
239
245
263
259
290
275
268
319
287
247
265
254
310
227
201
225
212
211
214
220
250
260
223
271
260
311
224
217
227
205
247
251
239
251
257
248
264
219
233
249
234
248
230
243
246
246
243
247
252
202
196
256
247
240
191
233
197
207
192
197
191
197
189
190
178
189
186
183
181
179
187
169
182
192
191
184
243
207
186
216
221
179
180
177
188
174
203
190
187
207
190
197
255
226
255
415
254
258
253
251
245
279
272
287
237
227
277
282
232
272
244
233
226
240
224
212
227
215
200
201
201
188
178
192
181
192
184
173
222
183
187
212
200
184
248
241
237
225
248
247
246
278
236
249
253
342
404
253
245
268
234
247
245
218
228
239
239
230
263
241
348
296
321
290
250
265
219
188
190
229
245
230
273
269
216
324
279
316
198
216
235
186
192
197
184
190
179
185
182
180
190
186
166
179
183
208
182
182
178
180
186
173
189
195
184
176
277
186
211
183
178
182
234
191
186
171
226
171
204
191
195
188
186
182
205
174
196
203
187
193
175
209
208
194
203
218
245
256
207
266
254
209
243
186
191
222
209
199
303
227
280
263
209
211
245
217
204
223
180
194
220
192
213
222
216
197
207
206
239
191
190
198
202
179
181
186
185
198
182
181
191
197
211
244
279
261
285
266
247
253
254
261
253
277
250
245
262
245
256
260
244
243
358
274
378
314
241
277
272
251
255
258
260
272
244
257
317
262
236
216
231
233
215
223
211
206
212
267
197
205
201
203
193
233
198
212
200
210
217
192
188
233
207
185
201
192
185
195
199
183
212
233
295
232
179
191
183
179
176
182
171
181
201
201
205
202
208
192
209
192
201
227
196
195
195
210
206
232
231
206
195
203
220
223
201
206
209
211
193
208
296
214
216
235
203
209
190
273
265
211
212
200
213
201
191
200
198
197
196
193
214
219
206
200
208
198
265
220
214
202
209
225
258
220
222
253
221
245
204
206
224
215
244
213
232
227
224
231
236
229
263
247
263
238
232
260
235
251
225
238
238
229
234
226
231
227
225
212
219
301
247
239
240
238
230
236
196
327
221
221
199
247
242
246
256
307
251
255
219
246
219
251
228
209
214
199
205
233
211
202
204
203
231
231
200
226
196
208
232
202
197
196
186
205
185
170
194
185
201
178
183
188
238
186
185
197
183
174
181
194
195
209
198
191
209
203
193
202
195
187
229
247
798
328
249
227
217
244
213
199
198
208
244
203
204
220
257
213
222
199
221
225
211
212
211
181
180
183
169
172
185
170
176
175
169
168
220
180
170
170
166
180
187
187
180
177
176
176
186
183
174
173
175
172
181
176
175
193
185
176
199
191
174
176
179
187
186
288
253
216
217
218
208
203
216
189
223
208
194
201
200
198
188
202
214
182
216
219
201
218
189
207
209
209
176
189
282
218
247
242
202
215
213
193
188
210
198
196
208
198
212
206
179
186
221
192
205
224
200
204
212
206
205
202
236
199
190
213
198
227
227
222
220
216
214
189
183
199
285
221
233
221
233
261
261
251
252
274
238
282
243
215
232
241
261
234
245
249
242
229
252
230
255
243
265
299
250
244
275
261
252
258
246
240
260
261
254
245
247
261
292
260
252
226
242
242
247
238
234
233
221
251
246
231
255
243
273
191
247
190
187
232
190
217
472
210
984
948
575
230
213
204
199
220
180
197
193
189
217
208
220
192
186
187
204
179
174
175
179
188
207
183
183
183
178
181
167
170
186
191
186
187
202
191
190
222
200
188
190
180
212
185
181
179
186
193
199
199
206
200
192
199
172
184
199
218
191
187
199
171
207
217
216
235
198
227
205
227
228
360
277
199
240
205
220
209
197
258
192
188
202
192
203
197
207
191
175
171
199
202
182
176
222
185
211
185
186
178
189
184
180
180
175
190
187
191
194
173
184
175
187
242
219
191
204
208
215
219
219
283
233
230
208
224
205
220
212
209
203
196
246
217
211
202
215
218
214
203
208
207
201
218
209
205
208
214
202
204
244
199
213
206
203
201
203
197
201
203
210
193
191
192
190
188
193
198
190
206
242
205
202
200
190
199
194
197
202
201
196
192
189
193
323
207
215
223
274
275
248
270
222
217
202
204
198
180
180
199
197
184
172
196
179
189
212
232
187
198
206
193
199
196
195
202
197
189
193
186
185
186
213
189
210
196
220
181
183
207
200
215
196
202
226
193
233
224
225
218
246
204
213
197
191
231
202
214
207
190
199
200
196
212
200
189
205
208
221
232
225
209
219
224
262
219
209
199
194
197
228
209
216
220
213
213
234
225
268
243
250
287
239
247
250
269
264
234
231
211
253
232
234
232
227
219
177
270
245
238
198
224
204
237
215
218
196
203
249
237
241
241
251
252
311
283
229
243
218
233
237
276
224
241
231
226
239
246
273
240
261
230
244
244
233
228
281
248
241
244
251
247
235
231
248
238
249
263
238
256
269
234
236
230
248
230
237
243
243
286
238
224
281
303
308
289
265
264
268
289
254
222
199
180
207
166
186
170
169
180
168
192
173
166
169
170
172
176
214
180
169
164
172
179
182
179
188
237
250
274
255
269
248
295
249
226
451
302
309
297
308
241
247
314
245
272
289
286
275
262
254
268
243
220
254
244
234
246
260
189
185
183
171
182
199
176
194
199
190
182
188
192
170
191
193
176
199
185
193
242
181
194
192
182
168
190
183
185
195
202
187
182
218
261
260
254
250
282
268
265
247
239
256
253
437
245
260
239
234
200
180
183
185
211
222
186
171
174
179
177
174
184
170
181
173
172
170
183
178
172
184
192
182
191
194
176
172
181
166
195
169
187
198
205
194
187
183
191
194
206
189
187
191
206
197
223
197
191
179
185
223
187
192
190
178
181
171
165
170
169
174
181
192
206
209
215
209
214
223
534
211
213
188
196
195
194
183
203
228
214
209
188
199
225
178
195
175
190
200
220
202
220
235
195
199
192
194
197
197
184
197
200
225
250
221
338
189
176
181
174
175
177
178
174
185
169
199
212
230
216
208
220
214
228
231
249
244
223
218
245
225
203
206
191
226
212
196
193
206
227
261
214
228
496
237
223
241
252
246
254
244
235
266
249
265
265
235
232
263
252
249
759
254
234
215
237
241
229
262
212
220
196
216
245
240
184
195
194
181
195
189
181
189
193
197
190
175
175
196
181
179
171
177
193
211
185
171
185
183
177
182
176
176
180
174
188
182
186
187
222
186
182
178
194
165
240
194
176
203
193
166
191
176
175
174
183
170
173
169
164
220
171
176
172
179
171
171
181
172
180
173
168
171
172
166
189
207
180
188
197
194
228
191
205
187
198
207
199
192
202
195
184
184
208
186
182
193
189
189
189
206
210
212
190
200
208
227
249
201
242
242
226
195
205
218
228
226
211
207
229
219
227
244
244
238
233
202
222
255
257
223
231
241
236
244
276
242
241
260
235
267
249
254
242
258
254
241
291
268
247
254
261
275
246
236
231
250
241
223
247
253
242
245
278
236
252
297
259
247
229
253
281
244
223
250
235
243
264
264
247
251
273
263
253
250
226
236
254
233
268
237
229
245
239
238
241
238
239
266
262
244
232
254
238
237
247
230
248
265
234
244
239
231
241
297
283
261
232
246
317
250
222
269
232
241
239
242
240
220
233
258
265
246
254
256
288
224
186
200
178
206
184
183
272
240
274
254
239
231
238
264
233
261
231
245
270
256
280
319
237
266
255
268
256
252
244
236
244
247
246
247
224
233
260
237
243
293
244
237
241
261
232
242
243
235
229
240
228
237
234
232
234
252
276
229
249
231
233
220
255
233
246
242
274
244
265
198
205
185
208
263
255
190
222
209
202
196
188
197
184
183
187
181
173
179
185
182
177
188
197
211
211
202
213
205
203
215
365
223
204
200
181
190
183
185
261
185
215
192
189
182
174
182
187
180
171
170
184
184
172
181
177
170
179
209
161
177
183
219
250
172
188
178
180
169
177
174
185
179
174
174
172
182
177
205
168
199
186
184
211
197
175
171
211
192
204
199
185
196
202
214
197
191
183
193
214
216
201
219
197
195
194
230
205
204
194
199
194
210
196
199
221
213
260
228
230
235
308
262
239
229
257
237
251
228
236
232
235
217
238
253
296
201
288
210
191
191
315
256
236
202
191
194
193
173
251
255
229
290
241
202
222
189
179
239
219
231
227
201
184
182
175
183
175
177
192
184
180
195
189
177
173
193
185
186
175
186
186
187
175
182
189
180
176
185
195
177
172
178
236
195
185
193
189
207
185
176
179
199
189
186
187
188
188
193
187
190
203
185
220
187
173
173
190
193
204
225
206
196
200
189
208
208
200
208
201
195
201
210
227
204
188
200
189
231
199
212
186
201
211
186
187
211
208
196
195
196
205
215
213
190
203
207
210
205
197
195
205
209
205
204
195
207
209
196
258
181
233
203
200
190
193
194
177
190
187
193
192
192
211
216
216
212
243
207
203
217
211
193
214
229
208
208
207
196
227
212
196
192
190
192
186
189
190
195
217
197
186
185
193
177
223
217
205
210
200
196
195
191
192
297
194
215
194
250
186
195
179
175
192
180
172
195
191
184
182
182
187
199
170
212
192
202
188
189
242
203
183
200
203
220
182
215
189
196
182
186
178
191
200
192
204
200
181
209
224
208
212
214
199
207
211
207
211
216
205
192
193
193
214
211
209
199
235
205
198
459
207
248
208
203
192
222
198
207
180
178
193
197
193
203
204
213
212
193
193
191
191
194
195
195
189
185
198
194
186
187
192
173
205
194
179
186
183
177
178
180
185
183
172
183
172
181
177
186
185
173
182
190
180
177
206
190
188
196
185
198
192
182
179
170
179
173
168
183
184
176
179
171
182
172
178
199
177
174
177
176
177
181
180
233
173
185
175
171
174
172
178
165
174
166
175
186
177
188
173
196
172
173
178
196
183
180
172
184
175
178
177
178
176
184
205
210
200
181
276
211
201
203
212
206
217
208
204
215
209
241
201
201
199
197
171
176
176
218
192
171
183
169
173
182
174
179
186
173
167
179
169
160
178
166
199
179
175
175
239
191
192
193
185
198
182
176
169
183
173
166
166
174
180
194
178
181
176
174
193
225
209
206
198
178
191
204
216
192
307
185
175
188
187
193
178
169
174
190
189
238
204
179
199
229
201
219
211
197
208
203
203
207
196
221
215
208
198
187
226
207
181
199
188
201
196
202
194
210
191
191
200
195
188
207
186
196
197
224
213
207
192
212
210
209
200
192
185
189
182
180
193
190
220
187
204
188
196
198
184
187
194
181
178
182
189
189
202
188
189
182
180
188
203
189
206
196
194
216
190
184
190
188
173
180
175
178
195
191
180
171
187
181
187
198
185
173
190
200
214
190
176
202
200
184
185
185
175
182
191
177
175
188
169
189
184
355
188
267
226
208
211
243
223
209
197
212
208
229
196
190
189
191
198
243
186
187
218
193
200
184
196
208
185
183
175
174
182
181
183
193
190
182
181
200
193
189
235
190
191
195
185
191
186
180
182
180
220
267
186
192
194
189
176
181
211
190
189
200
179
194
194
197
202
193
187
197
203
198
201
197
193
195
190
198
196
195
215
196
192
188
193
209
192
200
187
202
222
217
269
217
219
205
187
184
186
279
205
201
189
234
192
187
195
185
179
240
204
203
198
201
212
220
196
188
276
223
218
231
187
203
192
195
211
203
215
189
186
201
207
208
195
195
194
207
224
195
191
191
201
192
215
203
196
199
189
201
211
197
189
190
200
185
216
204
193
190
193
184
216
197
198
204
200
195
217
217
193
198
199
210
224
272
231
256
238
233
231
233
224
220
231
249
216
242
220
224
214
243
176
226
231
238
247
227
254
288
211
197
194
184
183
173
182
178
179
170
227
179
192
179
172
170
169
176
165
162
172
182
170
178
174
169
183
171
188
175
186
195
179
188
171
175
175
167
172
170
168
179
168
172
174
171
164
184
174
191
186
171
174
199
174
184
180
174
226
194
181
199
196
179
178
182
166
168
174
165
168
196
172
587
200
188
214
231
235
337
235
184
245
242
198
209
398
214
200
223
206
200
198
190
194
193
193
189
198
202
198
194
194
189
193
185
189
182
198
225
199
194
197
187
190
189
191
203
185
177
182
190
185
185
187
194
189
185
184
189
204
189
192
191
180
189
199
186
201
189
205
267
203
200
196
183
190
185
181
225
193
187
182
181
200
181
187
192
180
185
209
192
202
217
206
191
195
208
217
216
204
193
203
203
192
211
212
209
211
194
203
209
194
191
209
205
208
291
254
245
184
201
183
180
196
195
187
190
203
199
185
182
197
191
184
209
213
273
190
183
201
209
192
193
186
184
195
185
187
217
201
200
198
187
215
225
209
225
201
205
215
208
212
214
209
213
214
211
203
204
200
207
205
192
205
192
193
181
207
183
193
203
200
200
186
208
210
213
205
213
199
200
200
223
188
183
189
172
191
222
225
206
197
195
197
213
212
204
201
270
210
207
255
215
214
206
204
219
222
220
189
193
190
211
192
183
189
211
221
218
196
236
191
190
195
221
199
201
209
210
209
224
215
210
204
218
233
225
214
239
206
199
230
203
189
203
207
204
193
186
194
208
199
206
190
193
209
208
214
211
229
230
177
216
202
201
196
214
187
182
200
186
207
203
181
186
191
202
236
221
196
200
214
241
196
253
255
244
211
190
205
208
215
209
209
191
234
211
206
211
200
212
203
196
187
178
193
199
191
180
184
174
204
194
207
254
191
205
207
238
203
193
202
191
196
419
211
209
198
198
196
190
192
234
198
203
193
189
194
192
185
196
191
196
197
207
206
198
183
189
215
199
205
250
214
200
212
204
183
200
205
197
216
199
217
483
195
227
220
277
257
218
232
198
206
180
217
199
211
202
197
197
195
190
197
186
181
200
189
244
203
206
191
215
200
201
214
199
198
191
195
192
189
196
183
193
199
193
209
192
194
196
196
195
193
197
213
181
200
196
196
181
181
190
194
237
200
195
211
231
198
224
192
186
181
172
193
208
200
193
189
202
196
207
199
198
190
202
202
190
202
204
203
181
183
189
189
176
174
182
187
192
187
184
188
186
180
186
230
214
218
208
197
186
187
210
188
201
204
213
188
181
197
194
191
189
182
215
192
189
197
204
189
179
188
183
182
187
181
186
172
195
183
176
180
176
179
175
210
175
192
175
178
179
173
176
179
184
186
175
183
176
187
189
194
178
188
224
188
190
180
175
181
180
174
179
185
178
196
199
198
193
199
178
194
224
217
202
203
207
209
191
201
199
203
205
189
237
192
208
208
209
218
203
206
206
192
198
228
212
206
204
202
195
197
193
206
207
208
202
193
204
227
198
212
194
202
188
223
203
198
192
194
196
196
191
212
194
191
209
354
202
222
211
214
208
202
310
207
195
186
201
190
189
182
198
187
197
191
167
192
203
189
182
193
194
193
199
201
196
184
191
200
190
182
182
180
184
184
182
203
204
198
207
186
204
200
199
195
181
191
201
191
201
203
203
200
212
217
208
207
208
205
199
227
553
219
208
207
209
198
188
183
201
203
180
192
185
185
186
179
185
222
186
195
192
208
200
211
224
202
198
216
214
213
216
209
208
214
203
212
241
203
203
205
210
206
201
204
204
198
205
204
216
204
201
204
203
202
217
219
205
209
185
211
188
200
198
188
210
192
186
196
204
198
199
204
196
200
224
208
204
190
185
234
199
203
208
204
213
223
207
218
215
206
207
206
231
200
197
193
184
208
199
191
181
187
211
209
200
202
195
190
195
185
190
198
251
186
183
181
171
229
203
180
176
174
171
174
175
173
191
191
181
220
197
191
187
220
189
196
185
186
188
177
185
192
193
193
201
196
197
195
186
177
173
179
168
217
176
174
178
181
243
190
179
171
198
190
194
192
199
182
174
180
184
176
199
235
203
196
190
371
223
210
208
190
268
286
215
194
194
200
208
212
241
185
198
211
197
186
183
183
168
188
174
183
173
180
178
185
180
222
196
182
221
206
186
191
194
189
183
193
184
187
185
183
174
184
176
183
187
204
180
182
174
221
203
206
178
177
195
193
205
182
179
187
178
181
173
182
178
240
239
232
238
308
221
257
242
232
240
232
229
223
253
243
243
290
195
189
200
231
205
187
185
184
188
173
196
182
174
176
179
169
179
198
241
236
264
250
228
288
246
226
226
246
220
244
237
238
237
227
235
222
232
238
235
296
279
229
253
255
234
246
240
243
236
240
227
178
184
230
263
291
366
310
227
258
261
265
252
278
246
244
234
245
227
252
307
314
282
238
232
233
239
236
234
234
234
225
233
244
232
229
278
245
239
245
207
214
184
189
193
188
194
190
204
201
245
221
245
190
212
186
182
183
198
174
197
188
187
192
179
170
180
189
186
182
212
234
188
219
208
190
188
208
196
207
205
261
186
214
187
217
200
192
188
232
240
222
246
254
254
242
279
240
252
232
243
233
240
222
239
231
239
226
274
257
220
231
241
236
238
241
222
221
191
231
209
226
208
226
231
250
210
210
204
215
218
210
211
205
206
213
215
219
204
206
203
208
220
239
227
205
230
215
206
222
202
193
181
196
181
187
190
184
205
184
185
187
200
201
183
185
177
176
177
187
181
182
185
182
187
167
181
184
184
192
185
167
179
173
187
198
212
167
165
178
204
173
179
205
174
167
177
178
182
179
170
180
190
185
180
228
186
188
207
185
905
207
219
196
193
200
248
196
232
209
186
255
225
194
204
217
197
192
194
201
186
198
187
207
200
201
208
196
197
184
241
201
205
196
205
205
196
194
207
203
209
197
188
185
203
200
189
197
189
204
203
194
190
213
178
181
179
178
173
181
188
194
208
194
186
187
193
170
184
173
197
171
171
215
198
177
187
192
203
194
189
212
206
209
209
205
211
204
209
235
203
200
214
216
212
208
206
195
195
201
265
246
570
458
240
232
270
230
244
183
207
200
194
195
200
193
205
184
194
203
189
193
186
216
178
180
192
184
170
175
188
182
176
191
183
177
197
178
168
163
188
177
171
191
197
185
182
190
183
197
197
185
185
183
184
189
192
185
189
194
185
197
188
194
195
221
180
188
191
191
188
201
180
188
208
209
211
211
203
207
205
210
197
201
216
199
195
192
187
208
206
193
189
192
226
215
235
187
202
191
209
185
192
239
203
196
200
207
178
179
181
172
180
182
182
186
174
159
177
172
184
196
204
203
211
174
177
190
169
180
188
184
184
182
181
183
190
188
185
177
188
183
180
182
189
197
178
171
184
184
176
173
176
184
206
191
175
195
180
175
169
168
174
235
188
187
201
199
189
207
172
165
172
171
170
181
189
198
196
196
209
221
230
211
183
200
246
238
197
214
192
181
177
193
180
177
175
184
172
174
167
172
179
192
189
188
177
223
180
179
164
170
167
169
169
175
163
172
169
170
167
166
165
175
187
187
198
179
187
257
192
181
188
168
171
170
178
209
186
180
182
173
185
172
169
204
181
199
190
192
216
194
188
189
185
181
186
193
192
191
185
192
168
174
183
183
213
185
196
198
246
189
190
219
196
179
210
183
190
194
197
201
205
193
196
193
202
209
201
221
195
205
206
215
191
201
207
193
188
189
210
190
207
203
221
194
213
206
193
222
196
196
209
210
197
191
189
190
217
220
194
192
192
193
226
189
197
186
220
198
233
186
188
202
219
206
237
197
352
247
212
216
227
193
193
206
222
221
217
204
219
202
219
213
192
198
197
220
226
232
232
250
257
245
234
284
245
282
241
244
256
249
247
250
212
206
181
235
262
246
237
198
504
272
204
323
194
194
184
195
183
176
185
178
175
179
173
201
181
187
181
174
172
183
179
174
178
168
173
179
176
196
193
193
202
206
191
189
250
206
181
180
187
187
197
187
180
186
187
192
212
194
196
199
188
190
194
187
211
196
186
196
201
196
190
198
189
184
200
219
191
201
186
190
191
181
181
182
224
199
196
187
204
192
191
190
187
182
187
181
184
176
206
200
200
194
201
200
233
201
194
197
198
181
206
187
195
208
192
184
216
182
195
199
211
188
187
200
237
194
197
191
187
205
203
209
208
203
212
208
208
215
201
183
239
257
270
213
191
210
215
204
225
197
184
212
196
189
182
199
211
206
217
209
203
224
206
202
207
202
194
201
176
186
208
201
217
207
193
196
200
221
198
210
208
228
199
178
193
208
211
206
210
203
200
214
220
231
212
205
198
197
194
233
191
190
176
189
176
167
178
165
170
174
183
173
171
166
162
169
173
167
173
167
184
196
170
187
183
176
161
179
173
173
175
178
179
172
163
172
174
176
180
170
174
188
201
223
181
178
166
170
177
163
177
161
172
159
168
158
168
166
174
178
167
164
175
182
179
176
219
179
173
176
179
180
171
165
173
178
170
167
174
171
181
175
163
187
199
187
169
242
177
177
184
180
170
175
167
172
188
169
172
178
177
166
169
177
192
197
206
203
192
194
188
220
201
231
210
203
196
203
425
198
194
200
219
234
216
201
236
223
193
193
211
200
194
201
192
203
212
205
200
199
189
192
236
184
188
182
191
184
181
184
182
202
180
193
181
172
461
189
176
187
175
165
177
188
168
187
175
170
172
178
201
245
168
185
176
205
176
193
176
197
172
187
201
217
174
203
264
228
206
584
222
197
219
216
228
203
192
190
186
177
187
192
177
216
219
172
191
179
191
186
180
207
203
198
195
182
210
201
197
202
189
175
181
226
220
246
201
199
224
187
189
193
198
192
184
174
191
172
192
196
181
170
193
231
182
180
193
183
177
200
192
190
190
165
179
174
168
191
239
241
228
230
238
239
242
242
253
237
219
231
238
219
241
231
228
233
229
226
224
253
223
256
233
260
238
229
222
252
219
230
216
258
234
237
262
284
242
267
241
250
236
232
237
238
245
230
241
223
219
241
224
233
291
240
234
231
240
233
235
232
230
223
223
229
234
233
232
230
243
232
229
238
266
254
233
218
239
214
216
246
244
243
279
253
266
241
245
240
231
228
231
242
231
239
248
241
315
242
254
248
267
234
255
240
232
249
238
234
218
230
230
229
230
247
231
240
221
355
276
264
231
224
183
189
178
194
188
191
182
182
178
170
191
188
179
175
192
173
193
223
180
194
184
176
190
199
196
192
211
191
188
186
190
192
191
174
199
188
181
181
181
189
175
186
189
175
191
179
181
188
240
174
195
177
187
197
188
203
202
192
193
186
198
176
193
185
174
178
181
169
176
167
174
213
202
176
182
242
261
230
191
189
183
257
218
205
261
191
200
191
181
229
222
205
201
192
271
210
251
219
198
202
204
214
193
195
189
208
201
210
208
198
206
214
250
210
213
197
208
202
228
215
200
198
215
194
222
209
199
199
220
197
240
244
210
200
208
201
218
206
203
221
233
244
235
248
248
234
242
227
251
257
249
241
252
230
242
239
233
208
212
233
237
253
227
241
253
325
221
236
211
191
197
215
219
199
202
186
197
203
212
206
195
199
220
207
214
230
202
192
190
201
219
213
201
198
191
196
217
207
199
193
205
203
209
207
190
188
194
190
211
210
190
198
190
199
219
202
190
201
199
203
217
221
196
195
193
203
229
218
202
215
231
222
217
204
193
198
222
228
235
253
264
256
236
236
234
247
241
248
240
260
241
240
318
250
235
253
227
243
243
207
202
189
177
201
203
191
192
204
193
194
193
184
183
182
194
180
178
171
180
191
180
182
188
176
179
178
179
191
185
180
226
208
183
192
181
232
186
175
186
188
190
187
180
180
187
203
174
177
187
186
194
190
178
178
182
186
177
197
190
189
185
187
183
189
186
194
196
187
187
181
173
180
191
181
182
189
193
176
180
181
208
205
188
188
242
200
184
211
180
185
209
200
200
191
187
192
223
195
181
192
183
190
200
183
189
197
188
192
187
178
190
194
189
195
199
178
219
180
181
176
175
176
167
178
172
167
183
174
164
168
175
165
178
226
169
174
188
182
206
199
182
186
187
187
195
190
192
191
181
181
193
183
183
182
186
177
181
178
177
197
176
177
177
182
171
178
185
184
182
205
195
182
186
188
201
220
178
169
190
181
227
186
184
192
184
177
185
194
188
189
184
174
185
172
194
184
187
201
219
213
242
194
192
206
234
180
177
207
180
174
192
173
172
180
178
187
179
175
175
186
193
193
190
187
185
193
185
187
182
186
188
189
200
191
207
171
172
193
190
177
190
207
171
184
180
185
178
170
181
237
186
194
174
181
180
172
183
170
172
179
181
178
198
196
176
193
172
181
174
167
176
167
175
166
177
169
168
189
187
180
190
190
222
252
207
195
210
233
276
269
266
240
328
261
242
226
226
201
177
181
284
198
179
195
187
182
195
197
194
193
179
195
192
177
185
198
189
179
185
180
224
180
176
197
198
190
188
175
174
186
178
173
171
171
170
182
173
183
185
204
192
241
201
199
186
185
187
191
193
185
184
182
170
180
194
185
181
201
180
200
193
178
222
239
216
175
180
175
173
183
186
169
168
192
175
243
175
184
193
177
172
189
230
195
235
192
176
179
193
199
198
214
192
195
198
195
189
196
180
182
179
175
204
204
189
191
186
182
177
165
206
219
185
202
193
192
189
172
180
178
182
197
227
186
175
175
183
179
184
174
175
180
170
179
167
169
165
172
175
169
168
168
202
175
191
184
180
174
192
175
181
175
166
171
168
178
178
170
165
168
180
183
183
176
177
179
184
181
171
165
421
179
178
176
183
174
187
197
198
230
239
244
256
248
264
240
237
229
217
241
223
216
230
227
223
237
213
222
233
226
231
287
220
232
250
224
260
231
227
232
240
225
225
223
256
242
225
222
268
229
231
228
246
219
231
228
224
218
235
223
228
238
272
234
237
231
232
236
226
234
226
228
240
222
227
224
230
219
221
240
227
243
267
235
226
235
272
230
234
231
229
249
232
237
259
258
238
233
291
281
249
243
247
245
227
238
235
241
225
234
223
218
241
225
302
278
264
216
228
224
226
239
228
214
222
218
226
224
230
218
244
237
233
249
262
224
231
222
219
235
229
226
238
211
315
241
232
270
248
261
183
189
195
174
206
185
185
187
171
176
175
176
181
179
201
184
181
191
177
190
191
205
214
220
220
214
198
186
193
211
223
198
195
190
202
215
233
206
207
202
185
193
208
223
214
207
209
206
204
206
190
206
208
207
220
236
197
203
224
195
204
211
201
206
199
209
197
206
198
197
197
199
201
223
186
196
195
199
203
198
183
183
180
173
183
177
171
184
179
174
269
172
180
196
233
193
185
210
196
195
196
192
376
200
207
193
198
201
189
195
186
196
202
201
194
191
198
187
197
192
204
199
191
193
184
197
191
202
210
240
241
259
232
255
232
234
239
225
242
227
226
224
226
229
219
245
220
229
268
227
221
231
205
227
267
226
228
232
253
226
227
223
229
222
222
293
266
218
261
235
227
218
237
224
240
227
178
181
190
171
177
172
176
188
186
176
173
185
196
185
182
185
184
179
174
194
179
167
181
182
195
178
235
228
274
246
240
248
240
247
254
241
239
235
237
226
237
251
222
233
259
235
230
228
224
233
233
182
201
185
172
183
189
183
187
180
183
186
189
211
180
180
171
195
191
184
184
188
168
183
196
182
187
191
182
181
213
171
190
173
188
174
186
172
187
183
181
180
176
174
186
194
200
189
211
173
186
188
184
182
169
199
177
165
164
170
173
174
186
186
167
180
181
184
181
179
181
177
182
182
184
179
177
200
184
198
199
253
187
209
198
191
197
245
206
260
263
245
196
227
209
253
206
212
206
193
192
196
204
620
9968
234
201
214
211
193
192
199
184
187
211
192
214
201
226
187
199
218
226
201
188
174
192
189
179
189
181
185
175
170
184
178
168
174
172
177
186
192
167
173
224
179
174
191
175
175
179
170
180
186
175
185
177
167
180
183
170
175
181
170
180
191
191
203
182
173
180
190
175
171
184
171
171
187
168
163
183
184
174
194
177
183
195
191
225
198
214
198
193
199
193
196
200
193
200
198
191
205
222
200
194
189
212
184
183
196
173
186
175
194
204
198
192
189
197
193
187
192
220
190
201
200
211
187
195
198
198
206
202
199
211
231
219
199
200
196
203
204
219
206
209
240
209
205
209
187
196
190
195
198
198
198
193
192
193
183
212
215
205
198
236
191
189
194
206
209
206
198
210
198
209
209
204
203
208
204
200
191
193
216
223
199
179
194
203
186
184
198
196
206
210
206
201
198
200
210
215
209
219
215
197
202
184
181
192
217
186
213
209
198
187
204
191
179
178
194
188
189
244
203
193
190
196
179
177
178
190
172
171
216
179
167
177
174
168
201
166
177
174
223
176
184
177
188
188
183
211
193
195
188
177
190
184
178
194
202
178
177
197
195
384
188
187
203
180
195
194
187
187
172
191
249
248
240
372
281
250
258
232
197
188
223
247
198
200
192
198
184
186
190
226
207
220
215
207
246
207
208
220
201
200
208
198
196
204
195
198
202
206
218
213
188
228
227
251
255
244
203
215
237
206
209
201
242
304
190
198
204
212
191
191
188
201
189
188
183
295
248
246
230
234
224
191
179
201
243
244
304
236
281
245
291
241
258
258
240
341
262
261
253
246
332
264
262
235
242
297
198
234
186
185
189
179
193
176
191
189
192
187
189
188
188
226
203
186
231
196
188
199
238
518
212
214
205
196
201
237
194
184
174
207
189
201
199
178
191
188
178
190
182
176
180
180
165
181
185
187
236
234
232
291
285
263
284
226
235
231
240
222
237
229
232
230
225
233
220
264
280
238
231
238
243
237
232
229
241
225
237
221
264
234
242
249
261
235
261
232
227
229
236
228
237
223
225
231
248
239
240
238
248
237
237
233
244
237
241
226
248
253
252
256
246
237
212
207
238
207
209
206
206
204
192
204
202
221
200
199
184
194
198
202
199
194
188
230
191
193
193
195
209
207
226
206
198
239
191
214
209
204
190
209
210
210
229
205
207
204
201
189
186
178
186
188
183
191
182
187
185
218
191
195
188
193
214
173
181
185
173
179
182
175
177
185
196
190
192
197
185
190
179
209
184
200
204
273
251
235
250
239
252
234
258
228
239
239
241
238
262
233
230
262
227
236
252
223
237
222
226
230
233
256
241
240
231
255
232
258
310
290
264
289
233
231
248
231
245
239
249
235
236
243
253
243
287
273
241
227
236
238
247
242
240
233
225
240
239
232
253
302
236
277
261
245
239
244
235
240
234
240
237
242
245
230
271
219
225
255
243
258
268
270
274
260
265
263
272
260
263
272
231
230
273
185
185
187
191
194
184
178
180
181
177
178
173
183
177
190
230
249
251
254
261
274
272
254
252
237
244
244
249
231
270
256
329
314
272
248
250
315
327
266
247
248
239
286
260
268
316
376
241
241
330
240
253
232
242
238
259
278
295
311
250
290
250
251
244
242
260
236
196
190
195
190
201
180
229
198
202
199
228
187
205
205
185
202
186
192
183
185
183
190
184
182
182
182
191
177
182
194
194
206
193
185
192
210
195
198
201
197
198
193
182
195
198
190
185
189
184
192
180
222
187
195
179
186
181
182
176
192
188
191
186
191
191
192
182
188
176
197
191
247
202
191
190
188
189
178
187
187
178
173
184
181
188
179
179
190
183
180
182
199
226
193
305
208
201
209
183
200
199
191
183
186
222
219
213
215
209
222
227
225
199
200
193
245
184
193
198
178
181
193
198
183
189
176
192
177
164
172
185
228
193
209
189
186
194
190
196
194
185
194
207
192
242
220
208
191
198
193
202
190
184
190
174
181
178
173
168
184
170
174
180
195
167
176
175
170
163
173
179
171
187
172
184
214
162
177
170
170
164
180
170
188
168
171
343
197
231
227
243
269
230
196
185
191
186
196
243
294
239
188
175
177
178
184
193
180
169
177
172
240
177
164
189
179
171
166
179
182
171
195
167
180
180
186
182
174
173
185
173
182
204
196
197
192
180
207
204
200
197
194
192
199
211
190
177
198
193
191
185
176
220
197
179
190
195
190
205
226
220
192
191
201
196
193
200
221
186
178
194
187
184
189
171
170
180
169
172
167
171
165
173
172
161
179
194
172
172
214
213
167
172
174
221
166
172
163
192
219
215
214
192
181
196
238
210
186
187
187
196
184
198
180
275
243
233
237
241
225
231
233
232
226
200
187
180
183
181
177
177
176
225
192
169
179
176
178
181
189
182
177
177
175
176
164
186
236
186
181
181
184
194
217
203
178
176
189
202
190
187
188
178
171
175
176
205
184
182
171
177
184
172
182
219
170
184
170
190
183
168
166
178
185
245
247
217
241
196
182
226
182
370
235
184
172
190
180
186
182
184
177
171
180
190
178
178
204
178
215
210
190
195
209
201
203
208
186
182
191
178
176
172
181
170
171
176
177
162
167
168
176
168
167
167
230
180
181
168
177
180
182
181
180
176
184
171
186
186
181
182
177
202
169
175
174
192
179
166
187
167
169
171
172
164
178
171
160
176
173
179
170
178
164
179
170
186
179
183
192
182
185
219
818
190
174
181
175
206
205
189
184
186
181
190
182
207
191
188
218
231
229
202
202
203
242
325
210
224
245
220
197
204
192
229
189
194
187
186
194
185
178
174
196
186
188
174
174
179
177
199
179
186
182
214
206
198
180
197
177
180
185
172
176
181
181
192
180
203
187
177
180
183
188
189
208
199
190
202
188
180
185
194
178
186
188
193
195
200
193
182
191
193
201
197
234
183
190
188
188
233
215
210
188
209
204
203
209
195
206
208
210
203
198
224
201
198
217
207
216
230
202
206
344
235
205
193
187
195
194
177
184
195
206
206
207
222
175
220
175
184
175
177
179
180
175
178
174
181
181
182
176
172
170
201
175
200
173
172
204
185
178
177
175
179
175
184
165
181
174
174
186
175
182
179
222
186
198
171
191
181
170
175
170
175
165
177
192
171
185
182
182
187
195
165
175
195
191
224
192
175
193
172
181
172
177
175
184
173
187
172
170
167
185
187
181
170
174
194
194
193
192
190
195
187
193
201
210
201
187
202
202
183
189
270
194
195
229
195
186
201
184
187
185
191
191
198
189
191
188
191
179
192
191
197
187
190
202
199
198
196
190
195
180
186
192
178
187
181
178
189
200
181
194
187
193
189
184
202
202
198
197
195
187
192
180
194
193
182
218
175
174
169
183
195
192
171
196
262
218
200
188
188
195
168
203
198
185
197
201
208
211
267
258
272
240
324
266
253
242
251
295
249
258
240
240
293
246
233
228
241
240
216
183
188
184
223
201
197
192
195
191
184
177
189
181
189
194
176
180
190
178
214
192
189
202
187
218
179
182
191
180
184
190
195
187
187
195
258
235
238
264
294
256
247
244
234
287
248
244
222
240
197
237
248
237
229
253
259
275
236
239
226
264
241
250
274
249
243
257
269
258
245
273
245
273
240
236
231
229
227
238
227
231
224
236
253
225
232
268
253
249
240
250
245
227
225
242
222
223
226
213
229
238
258
305
326
297
252
233
230
236
325
311
199
183
171
171
177
181
183
194
222
212
185
190
188
181
185
171
183
194
228
276
238
257
258
262
255
260
293
251
362
288
282
253
247
255
260
255
253
235
252
237
276
254
257
240
232
256
244
268
224
240
244
226
228
274
298
245
297
377
297
239
234
243
245
237
230
265
249
234
270
232
244
263
260
314
255
233
225
231
237
232
243
236
233
219
215
234
254
253
312
295
259
272
240
248
237
246
232
248
267
286
295
244
251
237
241
268
245
200
201
473
272
213
197
202
218
203
211
187
223
216
208
194
221
190
188
204
224
212
198
193
192
191
189
193
194
190
179
175
230
182
193
180
194
193
185
197
193
185
189
191
181
191
192
185
193
178
173
177
181
196
189
182
177
190
186
174
194
195
176
197
195
184
190
189
177
184
190
188
188
202
186
195
188
264
259
189
188
189
178
183
192
180
185
184
196
200
199
181
180
241
179
183
186
186
173
185
172
164
179
189
175
179
172
191
181
180
179
184
181
172
207
190
176
195
178
176
175
198
176
178
174
179
175
182
186
191
176
179
174
187
183
197
217
211
242
229
249
238
233
228
236
222
240
224
226
244
243
199
204
202
187
197
197
180
176
192
191
202
189
182
192
192
179
189
190
201
192
191
179
237
197
196
189
187
197
187
193
187
362
211
188
185
191
186
224
220
231
217
229
184
189
176
192
189
194
178
194
178
186
177
175
172
179
231
177
177
173
164
197
175
175
165
181
175
167
173
177
165
168
173
170
177
186
193
203
202
200
193
193
209
205
194
193
192
201
216
208
192
191
202
200
209
198
186
196
221
198
217
191
273
216
186
227
219
217
231
236
237
231
229
246
235
254
298
275
275
280
268
247
248
227
238
201
251
253
261
245
255
235
262
254
279
259
274
259
204
203
207
272
187
194
223
244
265
234
217
242
292
240
262
235
221
258
239
227
262
231
233
242
227
256
230
230
278
240
226
216
245
222
230
230
236
256
261
255
220
206
233
190
187
214
191
201
195
181
191
188
179
192
195
186
183
188
175
192
191
195
192
194
187
204
190
182
195
188
183
397
184
199
183
192
186
199
185
197
226
209
216
204
263
212
232
209
196
201
190
182
182
182
181
176
176
175
175
183
184
175
178
171
202
176
178
175
183
170
177
173
185
188
197
191
182
196
196
187
178
178
208
183
180
199
184
184
187
194
253
330
331
229
191
188
184
180
180
184
211
184
176
179
195
183
179
177
178
184
179
177
188
180
176
189
197
228
195
210
194
197
210
204
238
201
186
183
178
179
206
191
183
211
220
243
225
201
337
204
241
183
207
227
240
244
237
183
191
196
192
201
194
201
232
199
185
194
182
178
187
184
233
206
189
195
195
196
191
185
191
175
193
197
198
203
211
199
193
209
183
189
206
213
218
190
182
185
181
177
183
187
174
178
194
180
178
180
177
208
175
173
183
173
165
174
164
178
172
167
166
174
182
170
180
169
173
179
167
171
178
187
190
170
171
217
201
171
165
168
168
179
192
202
195
192
175
183
211
222
299
196
206
173
246
215
186
184
180
218
215
222
230
224
209
203
206
195
213
204
204
199
197
254
231
205
192
199
200
186
217
200
202
203
207
221
203
181
201
180
208
200
203
192
187
192
199
186
451
368
276
205
173
185
198
187
189
178
184
186
186
187
197
211
193
211
193
184
190
185
216
204
188
223
214
208
209
211
205
222
208
223
225
196
201
202
197
206
215
195
208
195
209
228
199
185
188
187
216
179
204
196
190
171
177
173
179
175
192
179
173
220
219
213
176
273
233
226
275
237
242
242
226
254
256
257
250
251
234
221
220
248
226
224
324
246
232
232
235
244
236
234
237
215
227
241
226
220
236
224
267
261
251
246
249
232
222
235
239
239
239
222
225
222
217
221
231
269
243
264
245
249
221
443
250
241
217
208
206
210
213
206
203
211
180
202
228
181
210
192
214
222
203
203
210
205
210
212
211
199
207
209
241
230
209
187
196
173
182
193
193
182
179
169
179
187
182
186
212
181
195
188
205
184
188
183
182
187
173
189
193
195
214
188
186
189
192
194
219
187
185
184
245
186
214
213
196
207
201
181
182
193
205
194
178
189
188
193
212
195
180
190
241
191
193
191
186
182
186
183
187
191
196
183
188
188
183
179
178
188
185
176
166
193
177
208
251
185
201
203
190
193
219
193
198
197
205
207
196
194
190
206
224
194
202
206
190
200
189
186
200
197
198
206
195
184
183
181
178
187
182
179
201
185
194
205
188
179
186
190
192
211
198
217
207
200
207
209
219
204
205
230
201
187
201
190
215
196
180
186
187
183
204
187
198
209
213
205
208
213
211
233
207
214
210
210
205
225
203
182
203
184
193
194
232
214
233
211
206
199
251
225
179
206
212
201
232
212
208
211
219
210
210
201
197
220
200
194
269
228
225
181
184
178
193
188
193
191
196
187
199
192
181
194
189
178
192
190
211
183
191
172
195
183
183
177
183
180
184
179
185
178
174
181
172
168
189
176
171
227
183
205
210
174
187
191
198
194
209
183
187
197
187
191
189
179
196
190
188
204
209
179
192
192
183
189
203
197
205
195
199
187
182
181
178
175
179
195
197
185
213
217
260
247
241
261
248
239
239
242
236
249
235
229
236
229
244
195
179
182
194
183
195
194
193
184
181
172
178
191
187
196
180
193
188
192
204
233
204
196
189
198
190
190
210
190
202
197
204
209
212
209
209
197
209
225
204
196
178
189
196
202
207
204
260
261
226
208
202
203
204
204
228
211
247
241
276
206
220
226
211
192
201
204
240
245
243
245
238
230
230
312
245
266
275
271
219
268
222
228
213
180
333
190
188
196
208
220
189
188
181
235
174
182
172
186
182
176
192
179
173
172
169
173
180
178
174
193
216
190
196
188
195
191
190
189
198
194
195
185
209
201
178
172
178
202
224
195
215
247
235
208
218
195
193
196
194
224
211
189
191
221
230
235
207
223
188
209
180
195
178
194
193
178
199
179
179
196
184
193
338
190
208
231
237
257
190
198
203
186
200
242
243
216
222
228
202
195
195
184
177
179
197
186
176
222
188
187
192
212
193
183
192
175
191
187
179
310
197
190
180
183
170
178
186
212
171
181
177
187
192
179
181
175
171
176
186
203
185
192
183
186
185
189
185
211
186
190
188
257
193
195
195
195
183
188
187
205
200
190
189
189
178
177
178
215
227
216
202
323
183
240
244
242
227
226
225
235
244
277
252
235
275
235
240
208
258
246
256
236
234
227
194
190
175
179
180
180
181
185
195
179
172
170
183
176
170
183
170
173
176
166
166
169
174
176
172
173
170
180
174
168
196
175
172
176
175
183
180
188
193
196
184
187
179
202
184
195
180
175
173
180
179
228
177
172
172
183
168
175
177
174
174
174
168
181
177
176
173
170
169
172
168
189
183
212
168
182
179
203
177
173
169
173
185
178
175
174
176
177
191
190
195
211
227
214
263
203
223
190
191
181
244
354
240
225
208
213
219
230
210
207
205
242
277
194
212
202
200
208
220
208
199
195
209
209
186
209
177
176
175
179
267
179
182
176
164
171
182
174
176
175
163
173
179
178
178
179
174
176
187
194
198
188
211
183
204
197
175
177
187
180
183
197
181
172
220
235
183
248
204
223
217
239
271
202
216
204
193
177
210
200
192
185
178
181
187
175
179
184
180
172
169
210
179
182
185
194
183
175
172
174
169
161
220
250
211
189
236
180
185
195
185
205
255
179
225
256
177
173
181
170
182
173
172
180
176
171
167
175
172
183
170
176
203
170
210
186
181
170
170
171
171
172
166
171
170
174
174
167
177
161
170
169
179
172
200
169
193
168
174
169
177
169
169
199
175
188
183
172
180
173
168
170
201
207
168
179
217
213
214
187
177
191
238
232
236
243
234
210
220
220
217
198
196
202
251
212
195
193
192
196
211
201
202
196
191
184
179
194
184
179
189
173
202
238
193
199
215
231
206
185
187
174
181
181
208
190
187
187
187
196
187
194
193
218
241
189
186
191
179
193
186
187
181
194
184
188
183
194
179
203
175
169
185
178
214
184
278
195
199
192
189
182
189
182
189
189
188
194
197
185
187
192
190
221
187
177
167
179
189
196
193
187
180
177
191
174
163
163
177
175
189
190
235
231
260
252
238
224
241
236
232
221
185
198
200
179
196
183
179
174
179
174
169
200
184
174
178
195
192
194
195
184
185
261
320
259
194
243
246
251
197
224
215
208
207
204
202
200
210
205
212
208
209
205
200
216
212
202
205
192
220
204
206
199
200
192
206
206
219
228
239
208
198
176
192
173
200
215
201
257
194
207
207
196
215
203
238
200
226
191
205
195
230
202
232
491
254
203
192
188
202
190
223
194
192
191
187
192
209
199
180
186
184
181
205
195
217
192
190
192
215
202
188
195
201
331
221
205
195
192
198
225
191
216
215
199
197
225
204
194
202
189
189
238
221
242
248
246
247
247
235
252
283
236
245
240
238
250
238
231
234
238
242
235
189
222
222
223
221
206
226
219
199
198
202
210
209
205
203
196
197
203
216
198
204
188
193
209
221
203
198
191
189
195
209
195
193
185
193
210
216
197
203
191
190
208
229
212
195
193
175
199
188
194
192
186
176
192
174
176
183
165
174
179
172
171
175
185
227
195
180
179
188
186
198
190
223
209
221
219
191
197
206
183
192
193
171
177
217
172
185
176
169
172
180
190
178
185
197
183
184
180
193
186
182
184
192
187
184
205
183
186
190
211
210
211
214
214
215
199
215
211
200
203
213
208
190
205
212
206
238
198
240
195
191
207
246
225
226
220
189
197
206
201
201
199
230
235
269
242
221
220
212
254
251
244
244
239
238
250
245
240
269
237
243
241
226
226
245
219
220
218
225
195
183
210
240
254
232
247
239
248
229
215
199
393
258
201
198
212
189
216
202
198
205
197
190
251
229
186
194
199
186
216
198
187
187
201
203
217
181
172
166
167
169
172
172
197
172
175
176
164
177
178
175
176
169
173
174
166
174
174
178
166
166
166
170
234
212
236
219
286
250
251
248
255
210
191
201
202
196
348
197
179
250
245
205
191
184
219
179
187
183
188
186
186
186
190
184
164
247
192
189
187
213
222
213
196
198
188
191
185
183
189
184
189
174
178
188
184
193
185
188
197
187
193
213
190
176
194
194
206
193
179
173
192
195
182
188
201
190
198
202
192
180
178
195
194
188
187
250
230
180
192
190
195
255
251
259
259
242
236
243
238
279
238
260
241
240
248
234
235
237
229
229
233
240
253
242
233
282
268
225
230
242
240
240
234
233
228
238
226
234
222
226
233
253
251
246
233
227
230
234
240
238
237
231
252
244
253
295
239
276
292
260
232
232
235
233
258
234
248
227
233
254
267
234
254
262
271
313
239
243
246
198
189
196
197
206
256
174
177
184
206
194
199
181
186
195
185
186
189
198
204
181
201
205
208
211
178
170
181
173
172
165
173
196
165
186
164
177
178
171
167
188
206
194
195
193
184
183
186
189
195
186
193
194
240
216
203
205
192
190
187
192
194
180
181
177
197
174
192
198
188
184
182
172
232
186
217
196
195
183
196
175
175
202
230
187
189
187
197
208
200
202
195
195
236
217
212
220
209
223
191
183
179
202
199
196
198
211
195
196
194
208
192
258
202
204
193
177
190
189
179
192
187
190
180
199
187
194
194
184
198
182
214
266
208
200
206
202
183
177
211
186
202
181
188
177
195
192
189
186
193
185
180
236
170
182
180
177
174
183
173
178
177
174
181
178
196
197
213
196
200
193
195
237
211
180
190
193
205
205
203
179
185
193
173
183
198
183
196
194
192
189
202
223
206
208
186
197
176
169
198
194
191
178
188
183
173
182
168
189
175
166
183
186
204
196
192
177
176
176
174
176
183
171
185
173
182
170
177
169
182
190
165
177
187
197
181
169
180
174
189
189
189
169
175
173
163
183
170
168
177
170
164
166
176
168
173
176
197
178
180
184
193
199
187
206
273
187
230
235
198
200
200
202
187
183
199
231
188
208
207
197
193
216
203
201
214
202
203
198
212
207
210
197
201
203
241
207
211
210
223
214
207
195
194
190
190
199
233
195
195
203
197
186
191
197
174
184
168
169
165
172
170
180
171
165
165
164
174
166
174
180
178
168
167
178
179
204
202
188
191
186
186
185
190
182
193
179
196
207
189
207
173
181
180
189
200
187
235
197
234
204
180
224
205
205
186
196
224
201
188
188
197
203
188
208
212
220
194
208
197
186
207
197
176
190
185
186
180
212
203
200
210
211
201
201
221
214
209
198
208
207
202
228
216
199
206
206
207
210
203
205
194
199
204
238
213
193
190
211
209
208
204
372
191
190
188
182
198
187
187
226
181
178
211
203
192
185
178
183
182
186
216
194
187
199
236
236
210
179
204
186
185
191
242
212
212
228
216
216
206
213
213
227
213
212
194
189
192
193
206
202
251
212
217
194
208
214
196
206
195
211
203
212
207
211
209
206
202
212
200
232
207
204
215
194
183
183
185
203
191
204
212
208
204
210
205
198
205
211
208
205
198
187
179
245
185
183
179
193
220
200
180
186
208
186
193
198
195
246
203
215
192
198
195
228
237
247
249
234
202
206
206
194
197
215
195
192
233
218
195
196
176
174
183
175
172
170
191
186
199
199
194
188
181
196
207
209
266
183
188
195
199
199
190
195
190
183
193
188
191
189
191
170
173
203
194
187
205
208
182
187
195
182
190
183
179
185
187
191
190
175
178
181
169
181
188
191
187
236
174
187
174
182
185
190
175
195
208
205
196
190
205
211
197
196
195
191
208
232
182
200
194
191
220
191
181
176
197
193
197
209
211
